,A,C,AC,AG,AT,AAC,AAG,AAT,ACC,ACT,AGC,AGG,ATC,CCG,AAAG,AAAT,AACC,AAGG,AATG,ACAG,ACAT,ACTC,AGAT,AGCC,AGGC,AGGG,ATCC,AAAAC,AAAAG,AAAAT,AAACC,AAACT,AAAGC,AAAGG,AAATG,AAATT,AACAG,AACAT,AACTG,AAGAG,AAGCC,AAGGC,AAGGG,AAGGT,AATAC,AATAG,AATAT,AATGG,ACACT,ACAGG,ACCCC,ACGAT,ACTAG,ACTAT,ACTCC,AGAGG,AGCAT,AGGAT,AGGGG,AAATAT,AACCCT,AAGGAG,ACACAT,ACAGAG,ACATAT,ACATCC,ACCATC,ACCCTC,ACCCTG,AGAGAT,AGAGGG,AGATAT,AGATGG,AGCAGG,AGCCCT,AGGGCC,AAAGGAG,AATATAT,AAAACCCT,AAAGCAAG,AAAGGGAG,AAATATAT,AAATGATG,AACCCTAT,ACATATAT,AAGCCAGCC,AATATATAT,ACAGGGTGG,ACCACCCCC,ACCCCCTCT,ACCCTATCC,ACTATATAT,AGGAGGGGC,ATATATATC,AAATATATAT,AATATATATG,AATCGAATGG,ACACATATAT,ACATATATAT,AGATATATAT,AAAGCAAAGGC,AATATATATAT,AAATATATATAT,ACACATATATAT,ACCACCTCCCTC,AAGGTATGGGTGTGG,AATGGAATGGAGTGG,AGCAGGAGGGGCAGG,AGGAGGCCCCGCGGC,AGGCCGGGGCCGCGG,AAGAGGTGATAGTATT,AATAGAATAGAATTAG,AATCCCAATTGATGTAG,ACAGGGTGCTGATGAGG,ACCGCGTCCTCATCAGC,ACCGCGTCCTCATCGGC,AAATATATAAATATATAT,ACACATATATACATATAT,ACATATATACATATATAT,AACCCCTAACCCTAACCCT,AACCCTAACCCTCACCCCT,AATATATGCGTATATATGT,ACGGGAGAGGGAGAGGGAG,AAGAAGAAGGAAGAAGCACG,AATGAGTGAGCGGGGAGAGG,AATGAGTGAGTGAGGAGAGG
A,12.305517204247181,2.4721861577651922,4.533008076352579,1.424761727905765,6.708550690802349,10.497152525982228,5.510242870136749,19.245712105384857,0.4112016437344063,1.6667386507918303,3.6903661117627444,3.9323597544214146,2.3077727400746997,0.5350502307404836,11.647561663540317,40.26561107544707,2.433172055912051,9.647930439138772,18.124009491590776,1.2486397837673282,3.8916979979879596,2.267604824103874,9.16942889547676,0.23467868026604025,0.6007053625701398,25.167064852139045,2.8269253993247574,18.66308719272813,13.970634537263003,21.470628109613187,3.5126302882984928,18.613785039549064,8.017122046603472,6.5734933608434885,5.12034134525146,8.186095359935088,5.621724099685311,21.808148645663252,1.7021541564037597,7.14427591544372,0.11693233321821626,4.790673216540707,17.47008896205893,2.21366737488163,15.725138136383226,13.682144264880575,8.818084575841425,0.65438438262403,2.7458175068355852,8.678371993291174,0.6860941526779964,28.62777820357803,13.341178832822461,12.507755436587283,1.364418979393503,12.715635983171001,1.999330436430479,1.6083825944938646,4.178957899151403,6.945231275623197,0.5379882333369875,6.137246802414314,4.032262918238136,1.6885750152886447,5.16887022709333,0.2615578061739552,1.6799494077235746,0.4184883897665662,0.43277612770977375,1.038039558409387,15.165260454495936,7.797462159075043,0.852927107258229,3.1774305333590966,0.2805279641006296,0.7890371556329068,10.16216250094969,3.844201372084617,1.6394737895881013,4.762628472987924,6.337856592415877,3.6367534614735484,17.527963006622734,2.6587481317399675,2.204581730802388,0.21356609841239124,4.309310112616982,0.14038195021092637,11.191212559158465,46.189021187434,0.2657305252954801,1.0070492377328624,2.1209923944921756,0.8867371522127643,4.1909538128273285,1.7477653657351637,27.329073707018516,1.5623616458737521,3.286349330811965,3.2581691402339157,0.5892613105364495,7.787658005951262,5.121817262266756,4.814117798542735,0.36397879585467585,0.4607826249004596,0.813329197273215,2.3563276032019784,6.001267356984353,7.657717748541368,0.5894029012317693,0.0,0.33250133162109635,0.2569285136589223,0.2677410330879263,0.184266220090787,3.8407329694833314,3.847021013353215,2.5697966783360786,0.7164493527631024,0.4267642327197172,0.3540103223391702,3.3368291693246994,0.154002891879108,0.40090514062946003,0.8880495779611278
C,2.4721861577651922,23.91457124729575,2.726052599888976,0.3037048657991352,1.099134100873153,3.057008756265069,1.7156774087726494,5.421634056590147,1.0421233786376893,0.5504218871286517,3.6041877339275685,4.149217608153099,0.5606464448485725,15.623085283468248,2.4767024478374,4.80899248676635,1.138160307307983,2.0010993754622026,7.1245276938529924,0.08758933080200072,1.6341434613588803,0.5457640396831069,1.9576907703005946,3.9879464357939716,0.5040672354547199,18.01452930260472,1.0075899400154065,3.1307090245037608,2.3696778769269913,3.5504764030885902,0.25168512323768777,3.842926214442744,2.087220384431506,1.8805929885911759,0.5654837012627772,2.316488972769574,1.6611293978953912,4.878289785044862,0.2393170403460046,5.403301109886284,1.8360145251006454,1.0791588435541317,5.93196288107384,0.5913446867904499,2.38204332626333,2.158984054395535,14.652903404273337,0.13576883408197177,2.1660031447162678,3.435913700630966,2.392300066431471,5.098292160599647,0.6001665563584728,2.653310081896942,0.767559333388773,7.410334850194059,0.6797309820966143,0.9298890043717456,24.76105602603092,1.1664710593862253,0.275638565550189,1.5984885554613795,1.0369987461835846,0.5184354567065094,1.288027694002755,0.10409424320770223,0.7612626220010371,1.0593027126583248,1.2215264361759068,0.2012194827275357,7.015871179812771,1.365949753334594,0.1747988097933592,14.243724570375091,0.8346452951425477,2.1680048306772086,1.1300166647577743,0.7941001914029358,0.5005238304574458,0.5836613479749663,1.5135857163662145,0.771161347140874,1.3460357997558734,0.34889014962894954,0.5207604759109757,3.8148002759819954,0.7094799055726438,0.27944980971025585,25.939211984019643,14.101296377310732,0.18083590319396375,0.3021088447186547,22.401428668026202,0.25541540301085686,0.5151544973348736,0.30617601251690657,9.209766145329702,0.33493587231949185,0.5280534221458095,0.4838417851679026,0.1199325174386912,1.0170571865948728,0.4956020996685829,0.7069800490988813,0.34432711658278237,0.2382927888413202,0.501487442420856,11.844898141022512,14.17956213653715,7.824265760552218,0.1139866986087772,0.0,0.1265972162457668,0.5763907783534257,1.1001326204536415,1.282878436342575,0.5829807471034846,0.4847954931331941,0.5689125071727136,1.2619056909769664,0.6080160958707777,0.1787724065133805,2.4583770582685065,0.0,0.3385074755131308,0.22624809421858777
AC,4.533008076352579,2.726052599888976,105.60898731152831,1.0492990608140706,2.75830910307957,1.67542641468083,0.5024080001628786,3.020464059422303,0.05043563851069002,0.0024024786062569847,5.206382677494492,0.25084884702494487,0.04182807851689806,0.017909758229414798,5.340121111405938,2.8651940117451233,4.723320682987319,22.111839261612747,1.11405108883577,0.03562581159139462,0.9057147824436892,1.9019616637628878,4.208007951106952,0.002230600563336431,121.4753712465498,0.28608073371451775,0.44370840744208223,11.566355700129183,0.3154683551139822,4.882885193657881,0.6977658526213955,1.7152676468690424,0.0,0.008182810930719264,0.001846167824809914,0.03476014765292066,0.014237086337858666,0.260919528432426,0.0,0.4549302288204241,0.0,0.0,0.5042127057148985,0.0,0.7680324982501491,0.2093436914443604,0.47333616464429584,0.00013570156231569036,0.08924208655103993,0.7290911906531502,67.62620640779826,0.0,0.0,0.009002240915315986,0.0047975361884314985,0.09260580146587927,0.005501950078372922,0.0026913615373635176,0.4297543500757338,6.760917658878077,0.0006241113259295026,0.05588839306908987,46.585296788351286,6.289335800341651,0.9726006477007406,0.07735363132126624,0.05802604028975699,0.050871698980730004,0.03125675239118451,0.03719303846860155,0.8836205744948181,0.18400283190562014,0.002309652315156598,0.018659841732921775,0.0,0.0,0.0,0.9058011963182487,0.0,0.06497800880809146,0.0,2.108249945199236,0.002687976646541106,0.0,3.725205925492341,0.003652917665907186,1.3429765039173345,0.002642691517926706,0.3668741137591449,0.0,0.0038061583984003115,0.3106701855530248,0.05238328191207514,0.9641200953550993,0.14937675245877954,0.007553961564766792,0.0,3.4276867282868615,0.9475610584310434,0.24379236937186913,0.0,0.5864109374722041,0.0045864921682980805,2.3028758104452516,0.0,0.03360177967620142,0.0,0.03933211835909642,0.0,0.0,0.0013002556752752146,0.0,0.0,0.0,0.0,0.0,0.0768778992940398,5.062486897608145,5.502344627603051,0.0,0.0,0.0,0.03913910039294268,0.0,0.008680305047669066,0.027432711959739172
AG,1.424761727905765,0.3037048657991352,1.0492990608140706,35.193419047224296,0.14068712058671345,0.059666339612448466,3.416326829246034,0.7283931261264535,0.0013655753383879908,0.0,0.003363053684956416,0.4564075449812402,0.04014765433287417,0.10647243508858832,2.077458096928885,0.4415504022187631,0.0021792216186631683,0.37826641327470784,0.0,35.149751203392,25.246425674668448,0.6978719245384745,0.338604885581336,0.11407339627826327,0.0025597589198732705,1.0285039610141589,0.0029610421694217905,0.005351753834846401,3.8819485163586074,0.40462549555578176,0.0007384836030174436,0.0,0.0,0.616226840049249,0.13232005875579414,0.0,0.09078400013975216,0.1453995299030088,0.0,2.6656455181735033,0.004210942058055617,0.0,0.022445425141088486,0.0,0.0028140903562106413,0.005209357948761719,0.002292355887433847,3.1439498586831565e-05,0.0,0.0,0.0007009212823254472,0.0,0.0,0.0022961424019489344,0.0002953700719914413,0.8030919989840575,0.00046778207734419764,0.0,0.12057607815707831,0.38165227197058427,3.553964036558566e-05,0.15003476923265435,0.0016171766397811533,17.443701114076628,0.016955482189623144,0.0002229387813913396,0.000720015596007723,0.0001621938723197574,0.0,0.4270898740215717,1.0899551438380823,0.5657444348796897,0.0021600620448939565,0.00475944314528646,0.0,0.0,0.0006505431225408878,0.1820289589924283,0.0,0.4429648150021013,0.06296207717547957,0.0016648218331565435,0.0006856045302087871,0.0,0.28801113066445094,0.011280536052873675,0.006044897417550378,0.0006740539501957231,0.0,0.0,0.0,0.09830919559435698,0.013361059305458334,0.00011107126187170731,0.004362657952782234,0.0,0.017190720174863318,0.00044379569405178683,0.4529156392183676,0.0,0.0,0.00311608296377468,0.008188924813312877,0.04475271557511283,0.0,0.0,0.0,0.020064369654702895,0.0,0.007762041516799803,0.0,0.0,0.0,0.0,0.0,0.0,0.011204994464464171,0.001255474232295908,0.06394208857162884,0.0,0.0,0.0,0.008873736003366611,0.0,0.0005535070842165056,0.0021529481457834847
AT,6.708550690802349,1.099134100873153,2.75830910307957,0.14068712058671345,127.63444920642304,0.9576629991041719,0.9765442362897994,4.971143733208513,0.0006705749274425486,0.014984486728941001,0.001958026948368207,0.05390644445746002,0.0034651286961231887,0.0007672037034804056,1.5751307726524668,8.233233844487884,0.006343899110049987,0.9039965611237699,0.03128050214526597,0.0010087843349255432,4.424329186542917,0.0013214859559116234,5.346744839790658,0.0004140615204725814,0.0042080049853495715,0.38277566629299015,0.19416129486049696,2.114904864646952,4.162656148856255,0.8914285529932122,0.0,0.02729154809774118,0.0,0.04025236995462002,0.0020562006550692053,1.4324439979442738,0.0,16.807624306766595,0.0,14.439013079533122,0.0,0.018562634377030155,0.20396843560555633,0.0,0.2073118661017327,1.9335226045562364,36.322459306217304,0.00012378450091153092,0.0,0.0,0.0,0.0,0.0,5.233779835402684,0.0007370120154545469,0.15002367770858174,0.06740679001986519,0.0014987747272447239,1.9803985678683254,78.70002576467387,0.00011315818259739015,0.6878254107187807,13.58300241668164,0.002549073571144928,53.58343641413578,0.0014602358615992542,0.0003493377528025763,0.0,0.000725265351899808,0.13103629130713204,11.479003645018897,28.24265257052351,0.0,0.0103913572425822,0.0,0.0,0.0,117.12709999094488,0.0,0.026316493397992594,0.0,98.72920501110093,0.0,0.0,65.41435399795627,0.00036325882712156507,123.1822261470579,0.0,0.0,0.0,0.0,116.78255998521706,0.0,109.45100112856042,104.74507765774888,117.187904555178,0.0,69.22015330086283,80.99250451803509,101.13443666692204,0.0,118.48777940090427,98.35999423697794,92.27278315145706,0.0,0.0,0.0,0.021903406193193902,0.0,0.0,0.0,0.0,0.0,0.0,0.0008710818512754298,0.0,78.02798380610422,65.14301364539612,43.76934977282891,0.0,0.0,78.9313206084361,0.30998638478509194,0.0,0.0,0.0
AAC,10.497152525982228,3.057008756265069,1.67542641468083,0.059666339612448466,0.9576629991041719,22252.59791308313,134.9413369236666,2.595580307663221,41.35953026543738,531.0555095457005,137.56653339780183,101.89993405878717,384.5485802963628,0.0,2.854659505343754,0.0,0.0,0.47573148760720896,0.0,0.0,0.0,0.0,0.04561999023476445,0.0,0.0,0.0,0.1456962558685006,0.0,0.0,0.0,0.0,0.0,0.0,0.0,0.0,0.0,0.0,0.0,0.0,0.0,0.0,0.0,0.0,0.0,1.5365213017542776,0.0,0.0,0.00029509499400397167,0.0,0.0,0.0,0.0,0.0,0.0,0.0,0.0,0.0,0.0,0.0,0.0,0.006266196897244489,10.556260745098415,0.0,0.0,0.8541479622269338,8.490443621422996,420.6278670405359,0.0,0.0,0.0,7.8949488898535005,0.0,3.7392827378828035,10.069975125066781,0.0,0.0,0.0,0.0,0.0,0.0,0.0,0.0,0.0,0.0,0.0,0.0,1.7052966007475785,0.0,0.0,0.0,0.5868664137141215,0.0,67.84602185258012,0.0,0.0,0.0,0.0,0.0,0.0,0.0,0.0,0.0,0.0,0.0,0.0,0.0,0.0,0.0,0.0,0.0,0.0,0.0,0.0,0.0,1.6882823618642062,4.492753695456415,0.0,0.0,0.0,0.0,0.0,0.0,0.0,0.0,0.0,0.0
AAG,5.510242870136749,1.7156774087726494,0.5024080001628786,3.416326829246034,0.9765442362897994,134.9413369236666,1046.0231740413687,6.72999578019162,0.011652606950953591,0.1792912190834186,23.54985803351777,83.0426244214784,0.012284648673972819,0.04406249415803491,13.67827757442771,0.874452150220456,0.0,2.2846076379177847,0.0,0.0,0.009704425413381563,0.006324696529762453,0.010364158298026846,0.0019817187234763456,0.018880985649860516,0.1012145355003519,0.1798909925185011,0.05592286353407518,1.514739562012098,0.1106687119646023,0.015433489292723392,0.0,0.0,0.11995177143190446,0.0,0.0,0.0,0.030235712611722095,0.0,0.8428441145346092,0.0,0.0,0.6592539240655951,0.0,2.98989423161733,0.0,0.031938465886277356,0.00015594327037473028,0.0,0.0,0.0,0.0,0.0,0.0,0.0008818439037672116,0.0,0.0,0.0,0.0,0.0,0.0002166322423893554,1014.0000422788071,0.0,0.0,0.0,0.0,0.01671947600336987,0.0,0.0,0.0,5.7551506740422695,0.0,0.004103900369163477,248.66772438131326,0.0,0.0,0.05438252264594954,0.0,0.0,13.476866862336651,0.0,0.0,0.0,0.0,0.0,0.004172578905781408,0.0,0.0,0.0,0.0,0.0,0.0,0.11169253583297915,0.0,0.0,0.0,0.0,0.0,0.0,0.0,0.0,0.0,0.0,0.0,0.0,0.0,0.0,0.6289846510453668,0.054774237532261696,0.0,0.0,0.0,0.0,0.0,0.0,0.0,0.0,0.0,0.0,0.0,0.0,0.0,0.04636281328211757,27.816855602784326,0.0,0.0
AAT,19.245712105384857,5.421634056590147,3.020464059422303,0.7283931261264535,4.971143733208513,2.595580307663221,6.72999578019162,13645.155406195057,0.011408167267916774,0.8876812052883992,0.18043440186122342,0.18162851686236892,0.28383603160800003,0.0,7.703045595847874,13.594932816146713,0.0,5.510849718939776,0.0,0.0,0.2802751702014346,0.0,3.071376118348199,0.0,0.0,0.0,1.389415120529032,0.0,0.0,203.63066547107158,0.0,0.0,0.0,0.0,0.0,7.1352074303102695,0.0,0.0,0.0,0.0,0.0,0.0,0.0,0.0,0.21916661597101927,0.0,6.14946863995037,0.0004302718923138487,0.0,0.0,0.0,0.0,0.0,0.0,0.016979123076408826,0.0,0.0,0.0,0.0,0.8701015652490006,0.13526157865037486,2.8680493641485185,0.0,0.0,0.0,0.0,0.06438373948530916,0.0,0.0,0.0,0.0,0.18698127991204616,0.0,0.0,0.0,0.0,0.0,36.2621086753026,0.0,0.0,0.0,0.8932094453764254,0.0,0.0,0.5694972956703727,0.0,0.6486411172840327,0.0,0.0,0.0,0.0,4.092269312561035,0.0,7.508579703825395,0.0,0.0,0.0,0.0,0.0,0.0,0.0,0.0,0.0,0.0,0.0,0.0,0.0,0.0,0.0,0.0,0.0,0.0,0.0,0.0,0.0,0.0,0.0,0.0,0.0,0.0,0.0,0.0,0.0,0.0,0.0,0.0
ACC,0.4112016437344063,1.0421233786376893,0.05043563851069002,0.0013655753383879908,0.0006705749274425486,41.35953026543738,0.011652606950953591,0.011408167267916774,214.44964556670277,9.123695794020497,0.8437108560496778,5.762610333225065,12.272927545019677,1.9944139904957485,0.0004242906082068936,0.4293846593614316,0.05854447304790552,0.0010137931438092792,0.2960729522398215,0.0,0.0007196958064642439,0.002814298039749397,0.0012698983060583147,0.00602566544221658,0.0,0.06605484901156367,0.020705240555509933,0.01658931823637836,0.0,0.00042089075814779036,0.0,0.0,0.0,0.0,0.0029193204548792497,0.0,0.0,0.0,0.0,0.0,0.026106080373571445,0.02635456714776943,0.0037608716906449356,0.0,0.0016883403654837342,0.6512994704053047,0.0,6.225646958253644e-05,0.0,0.0,0.0043454189299351334,0.0,0.0,0.0,0.006670694235999009,0.013312392140911164,0.0,0.0,0.008494559973702576,0.0,0.00035803773346690094,0.25407975634309327,0.0,0.0,0.0012513916824773309,0.04077275372633249,73.49837998420253,0.0030166026094660976,0.0,0.0,0.002313340032700665,0.0,0.04930500066962572,2.3900311828737886,0.0,0.0,0.0,0.0,0.0,0.0,0.0,0.0,0.0021252307349937526,0.0,0.0006267281877593831,0.005673161391125575,0.0,0.02925196891842466,3.665386546008993,0.0,0.06104607687900139,0.0,0.9442959959001814,0.0,0.0,0.0,0.0,0.0,0.0,0.0,0.0,0.0,0.0,0.0,41.0180446936119,0.003542269610625483,0.0,0.9951256315173995,0.0,0.01604047082631042,0.002056076884448247,0.0,0.0,0.0410946981140953,0.011130578886014278,0.0,0.0,0.0,0.0,0.0,0.0,0.0,0.0,0.0,0.0,0.003336844615709797
ACT,1.6667386507918303,0.5504218871286517,0.0024024786062569847,0.0,0.014984486728941001,531.0555095457005,0.1792912190834186,0.8876812052883992,9.123695794020497,10935.795607660168,0.9373422304443397,1.9596715518437176,0.009451957658833238,0.0,0.020437540034035046,1.3790599326896371,0.0,0.45687148483139506,0.0,0.0,0.0,0.0,0.010401272706346202,0.0,0.0,0.6230055278892489,0.0015818321266446397,0.0,0.0,0.021833294616223613,0.0,0.0,0.0,0.0,0.0,0.0,0.0,0.0,0.0,0.0,0.0,0.0,0.0,0.0,0.0,0.0,0.0,3.7378393539977326e-05,0.0,0.0,0.0,0.0,0.0,0.0,0.0,0.0,0.0,0.0,0.0,0.0,0.0,2.292197872113541,0.0,0.0,0.0,0.0,0.05145667033898931,0.0,0.0,0.0,0.0,3.5865331800524545,0.0,0.0,0.0,0.0,0.0,0.0,0.0,0.0,0.0,0.0,0.0,0.0,0.0,0.0,0.0,0.0,0.0,0.0,0.0,0.0,0.0,0.0,0.0,0.0,0.0,0.0,0.0,0.0,0.0,0.0,0.0,0.0,0.0,0.0,0.0,0.0,0.0,0.0,0.0,0.0,0.0,0.0,0.0,0.0,0.0,0.0,0.0,0.0,0.0,0.0,0.0,0.0,0.0,0.0
AGC,3.6903661117627444,3.6041877339275685,5.206382677494492,0.003363053684956416,0.001958026948368207,137.56653339780183,23.54985803351777,0.18043440186122342,0.8437108560496778,0.9373422304443397,14769.084706887685,51.198988158635025,0.0864562911091256,1398.1413019018703,0.005752016100839263,0.0,0.0,0.012025802779163658,0.0,0.0,0.0,0.0,0.0,0.01394684173722222,0.0,0.0,0.002893778067216563,0.0,0.0,0.07988295095450287,0.0,0.0,0.0,0.0,0.0,0.0,0.0,0.0,0.0,0.0,0.0,0.0,0.0,0.0,0.0,0.0,0.0,0.00014359679800583382,0.0,0.0,0.0,0.0,0.0,0.0,0.0,0.0,0.0,0.0,30.632271172133457,0.0,0.0,1.8869893444070567,0.0,0.0,0.0,0.0,0.23533499783383124,0.0,0.0,0.0,0.21953015693020564,0.0,0.0,22.400785619578084,0.0,0.0,0.0,0.0,0.0,0.0,0.0,0.0,0.0,0.0,0.0,0.0,0.0,0.0,0.0,0.0,0.0,0.0,1.5721283772895391,0.0,0.0,0.0,0.0,0.0,0.0,0.0,0.0,0.0,0.0,0.0,0.0,0.0,0.0,5.902182638636127,0.0,1.5222003803839244,0.0,0.0,0.0,0.0,0.0,0.0,0.0,0.0,0.0,0.0,0.0,0.0,0.0,0.0,0.0,0.0
AGG,3.9323597544214146,4.149217608153099,0.25084884702494487,0.4564075449812402,0.05390644445746002,101.89993405878717,83.0426244214784,0.18162851686236892,5.762610333225065,1.9596715518437176,51.198988158635025,1510.8173839059446,3.3819259130793045,85.83169283340992,2.4784450056889273,0.1462151327889826,0.021509581473436415,1.8424402896006737,0.0,0.0,7.259927723670373,0.0,10.929184857370911,0.0014039141945858865,3.3118743753209405,1.6635253512889001,0.008156201459124192,146.03040332575637,0.009093990864790364,0.028144065733458283,0.0,0.0,0.46003549764467605,0.0,0.0,0.0,0.0,0.0,0.0,25.811405803849915,0.0,0.0,0.4311110649874763,0.0,0.005375986332249448,0.0,0.045252502365608384,0.0001762098245707574,0.0,0.0,0.0,0.0,0.0,0.0,0.0074967238846250705,9.537548781036294,0.0,0.0,0.6085854387781089,0.0,0.00030693869568116505,181.8010964319531,0.0,0.03457148653165975,0.0,0.0,0.01184462225092826,0.0,0.0,0.0,1.4142912490655033,0.0,0.02325869524541993,191.38492637122778,0.0,0.0,0.03852635319815017,0.0,0.0,0.0,0.0,0.0,0.0,0.0,0.0,0.0009853303405204614,0.0,0.0,0.5037956155502913,0.0,0.0,0.0,10.444715978531287,0.0,0.0,0.0,0.0,0.0,0.0,0.0,0.0,0.0,0.0,0.0,0.07452016004482143,0.0,0.0,30.894465095410144,0.1552154272111142,0.15322743035948866,0.0,0.0,0.0,0.0,0.0,0.0,0.0,0.0,0.0,0.0,0.0,0.0,0.0,0.0,0.0,0.0
ATC,2.3077727400746997,0.5606464448485725,0.04182807851689806,0.04014765433287417,0.0034651286961231887,384.5485802963628,0.012284648673972819,0.28383603160800003,12.272927545019677,0.009451957658833238,0.0864562911091256,3.3819259130793045,2292.911680848548,0.0,0.02299783047305129,0.09019521020329341,0.0,0.4957944522798291,0.0,0.005939022933219099,0.0,0.0,0.15963871449635114,0.0018282804218245523,0.0,0.0,0.4017243129519931,0.0,0.0,0.047123067077657683,0.0,0.0,0.0,0.0,1.5252910114616742,0.0,0.0,0.0,0.0,0.0,0.0,82.29079527640863,0.046785380639604586,0.0,0.0,0.0,0.0,8.425976637873941e-05,0.0,0.0,0.0,0.0,0.0,0.0,0.001627130959871735,0.0,0.0,0.0,0.0,0.0,0.00022841038095118343,0.0,0.0,0.0,0.0,0.008596856602245925,356.6400171314736,0.025017764130473623,0.0,0.0,0.0,0.0,0.05300607423669819,0.0,0.0,0.0,0.0,0.013844796794888365,0.0,0.1161999540447782,0.0,0.0,11.57982107163537,0.0,0.0,0.0012831697104783936,0.0,0.0,0.6560797405309646,0.0,0.0,0.0,0.0,0.0,0.0,0.0,0.0,0.1939522429042207,0.0,0.0,0.0,0.0,0.0,0.0,0.0,0.0,0.0,0.0,0.0,0.0,0.0,0.0,0.0,0.0,0.0461549354117975,0.0,0.0,0.0,0.0,0.0,0.0,0.0,0.0,0.0,0.0,0.0
CCG,0.5350502307404836,15.623085283468248,0.017909758229414798,0.10647243508858832,0.0007672037034804056,0.0,0.04406249415803491,0.0,1.9944139904957485,0.0,1398.1413019018703,85.83169283340992,0.0,6276.960050111758,0.0,1.0783718846013726,0.0,0.0047120089114137745,0.0,0.0,0.0,0.0,0.0,0.010929439598948596,0.013884149469794244,0.0,0.0,0.0,0.0,0.0,0.0,0.0,0.0,0.0,0.0,0.0,0.0,0.0,0.0,0.0,0.0,0.0,0.27968247414916914,0.0,0.0,0.0,0.0,9.645394337672357e-05,0.0,0.0,0.0,0.0,0.0,0.0,0.0,0.0,0.0,0.0,0.0,0.0,0.0003413586658505443,0.16430431150360644,0.0,0.0,0.0,0.0,0.036884044327814045,0.0,0.0,0.0,0.0,0.0,0.0,0.0,0.0,0.0,0.0,0.0,0.0,0.0,0.0,0.0,0.0,0.0,0.0,0.007670773957026916,0.0,0.0,0.0,0.0,0.0,0.0,1.231998072762336,0.0,0.0,0.0,0.0,0.0,0.0,0.0,0.0,0.0,0.0,0.0,0.0,0.0,0.0,0.0,0.0,0.0,0.0,0.0,0.0,0.0,0.0,0.0,0.0,0.0,0.0,0.0,0.0,0.0,0.0,0.0,0.0,0.0
AAAG,11.647561663540317,2.4767024478374,5.340121111405938,2.077458096928885,1.5751307726524668,2.854659505343754,13.67827757442771,7.703045595847874,0.0004242906082068936,0.020437540034035046,0.005752016100839263,2.4784450056889273,0.02299783047305129,0.0,223.27084303047826,18.652392816581518,0.19568025019366425,151.70557848231135,1.0414365291691658,0.02074425287722081,1.0170793271206606,0.0058231132889447965,9.353868314576525,0.4287710178884934,0.9448962999554357,23.574408618563925,0.08839624008353053,2.0423522838330124,113.05027351222762,12.913296362237796,0.0,0.08017327044750971,97.1542278601374,107.17819837065558,0.024161668018657288,54.70442187003842,2.096183876967879,0.055675708417474844,0.0,140.0297765989247,0.10803309485952066,0.0,175.28246325597584,0.0,0.1548729394913101,10.379977647652792,0.01960371318536363,0.0002820830755196818,0.0,0.0,0.044955911491148914,0.0,0.0,0.0,0.004059544146219038,67.4299234707289,0.0,0.00880577907247623,43.28149737735801,0.02773771609544305,0.00028493159057066023,6.880086129743417,0.010372298818257138,0.014976619433832447,7.532205087932371,0.002859783652430207,0.000513117651528246,0.0,0.0,0.0,7.017115015375654,17.32185851657841,0.006297397475574705,0.030526267382947947,0.0,0.0,0.016689896440921358,0.09441346648324594,0.0,413.48660847519864,0.807656334648289,0.028474365521373706,0.008794704157288209,0.0,0.020748388050743506,0.06744265876634992,0.6513520399748511,0.0,0.0,0.0,0.0,0.00543567790011523,0.034278234358721175,0.05841617531009585,0.00373084719091885,0.0,0.0,0.00189762059782737,0.006405567122985986,0.0854631852864228,0.0,12.231451421435704,1.800767508533519,0.00797323295590362,0.0,0.018323429991529364,0.00908072581661584,0.0643447451994831,0.01681011302097006,0.0,0.0,0.0,0.0,0.0,0.0,0.0,0.0,0.0,0.0,0.0,0.0,0.0,12.307792931443666,0.0,0.007100202580582344,0.0
AAAT,40.26561107544707,4.80899248676635,2.8651940117451233,0.4415504022187631,8.233233844487884,0.0,0.874452150220456,13.594932816146713,0.4293846593614316,1.3790599326896371,0.0,0.1462151327889826,0.09019521020329341,1.0783718846013726,18.652392816581518,2817.0988848433744,0.7430754057441687,6.130053857552049,0.814212606133037,1.62799896722225,0.6729254863783362,0.10319244740390296,0.7977083909490624,0.0,0.0,1.7614885743181004,0.39246004312431937,8.668046396252656,8.848932759303919,9.583823663557894,0.0,0.0,0.0,46.94094904403802,0.0,0.0,0.0,1.4799589997981344,0.0,0.0,0.0,0.0,0.8274039536287282,0.0,73.23565548595087,3.108520511181574,0.5211014387206987,0.0004082038110352591,0.25037311816831603,0.0,0.0,15.283961907629099,0.0,0.0,0.007193991856346683,0.0,0.0,0.0,0.7008115157246212,0.0,0.0002524662213724622,0.24303638858654952,0.0,0.0,0.13765511173850928,0.0,0.0,0.0,0.0,0.0,19.33980740911808,0.15844655803755966,0.0,0.0,0.0,0.0,0.0,0.673328045723856,0.0,1.027503678218857,0.0,0.0,0.2337788227236189,0.0,0.7583522722429439,0.0,3.43533562837267,0.0,0.0,0.0,0.0,0.0,0.0,0.0,0.2975175907419033,0.0,0.0,0.25221059253513367,0.17027132625579108,0.0,0.0,0.0,0.0,0.21194266235637121,0.0,0.0,0.0,0.0,0.0,0.0,0.0,0.0,0.0,0.0,0.0,0.0,0.0,0.0,0.18635130768427885,0.0,0.0,0.0,0.0,0.0,0.0,0.0
AACC,2.433172055912051,1.138160307307983,4.723320682987319,0.0021792216186631683,0.006343899110049987,0.0,0.0,0.0,0.05854447304790552,0.0,0.0,0.021509581473436415,0.0,0.0,0.19568025019366425,0.7430754057441687,27175.511359557087,3.711219696459474,0.0,0.0,0.0,0.0,0.05137450718327914,1.0167074215022565,0.11480607179769467,4.923490095321188,60.52470885373191,0.0,0.0,0.0,0.0,0.0,0.0,0.0,0.0,0.0,0.0,0.0,0.0,0.0,0.0,0.0,0.0,0.0,0.0,0.0,0.0,0.00014400461840337455,0.0,0.0,0.0,0.0,0.0,0.0,0.020107736244758583,0.0,0.0,0.0,0.0,0.0,0.0014113233074039945,0.0,0.0,0.0,0.19237807985136857,0.0,0.07624723881179749,0.0,0.0,0.0,0.0,0.0,0.0,0.0,0.0,0.0,0.0,0.0,0.0,0.0,0.0,0.0,0.0,0.0,0.0,0.935571066608065,0.0,0.0,0.0,0.0,0.0,0.0,0.0,0.0,0.0,0.0,0.0,0.0,0.0,0.0,0.0,0.0,0.0,0.0,0.0,0.0,0.0,0.0,0.0,0.0,0.0,0.0,0.0,0.0,0.0,0.0,0.0,0.0,0.0,0.0,0.0,0.0,0.0,0.0,0.0,0.0
AAGG,9.647930439138772,2.0010993754622026,22.111839261612747,0.37826641327470784,0.9039965611237699,0.47573148760720896,2.2846076379177847,5.510849718939776,0.0010137931438092792,0.45687148483139506,0.012025802779163658,1.8424402896006737,0.4957944522798291,0.0047120089114137745,151.70557848231135,6.130053857552049,3.711219696459474,254.03611643860702,19.724163344341253,0.01445674522516008,1.3449676990081776,0.016232595260725964,4.203673867286238,5.243834131716405,97.45393906699246,16.110149627840396,3.7952867887749666,23.574530251395764,78.83593842163741,2.5545017005080566,0.009902672166585995,0.0,0.20832964462445536,74.36946625615622,0.0,12.12666880448289,0.4869460541476789,0.0776012070992039,0.0,20.4744441410455,2.823324617028005,0.0,32.359547157237834,0.0,0.026779999817869705,45.37063945408562,0.020492848452916827,0.0003843376751350829,0.0,0.0,426.22501003081175,0.0,0.0,0.0,0.008487333209761938,19.75283143154319,0.0,0.009205169160343162,5.567146566807387,0.0,0.0002382838332636941,0.09557655208313155,0.0,0.007827945386991348,0.6766785538320546,0.0,0.0010727806688312232,0.004349867047687789,0.0,12.248509632549034,50.83728177277826,0.5171790903262098,0.002633207513178369,0.0,0.0,0.0,0.017446874233705695,0.07221631602961111,0.0,3.1517955941769826,0.0,0.0,0.0,0.0,0.005422360140981503,2.7339430576735855,0.0,0.0,0.2281466584389905,0.0,0.0037194484673527075,0.011364431053714617,0.14333175665338826,0.0,0.0,0.0,0.0,0.04760851289513097,0.006696094513581477,0.0,0.0,0.0,0.0,0.2333761510793557,0.0,0.0,0.0,0.0,0.0,0.0,0.0,0.0,0.0,0.0,0.0,0.0,0.0,0.005611747137523079,0.0,0.0,0.0,0.0,0.0,0.0,0.0,0.02886988904322287
AATG,18.124009491590776,7.1245276938529924,1.11405108883577,0.0,0.03128050214526597,0.0,0.0,0.0,0.2960729522398215,0.0,0.0,0.0,0.0,0.0,1.0414365291691658,0.814212606133037,0.0,19.724163344341253,113905.07520888772,0.0,0.0,119.46422922050023,0.06755132153610735,0.0,0.0,5.057655914013944,11.742322087646357,8.383339411187439,0.962173992238439,0.0,0.0,0.0,0.0,0.0,0.0,0.0,0.0,0.0,0.0,0.0,0.0,0.0,0.0,0.0,0.0,0.0,0.0,0.000801091158838597,0.0,0.0,0.0,0.0,0.0,0.0,0.0,0.0,0.0,0.0,0.0,0.0,0.0,0.0,0.0,0.0,0.0,0.0,0.0,0.0,0.0,0.0,0.0,0.0,0.0,0.0,0.0,0.0,0.0,0.0,0.0,0.0,0.0,0.0,0.0,0.0,0.0,0.0,0.0,0.0,0.0,0.0,0.0,0.0,0.0,0.0,0.0,0.0,0.0,0.0,0.0,0.0,0.0,0.0,0.0,0.0,0.0,0.0,0.0,0.0,0.0,0.0,0.0,0.0,0.0,0.0,0.0,0.0,0.0,0.0,0.0,0.0,0.0,0.0,0.0,0.0,0.0,0.0
ACAG,1.2486397837673282,0.08758933080200072,0.03562581159139462,35.149751203392,0.0010087843349255432,0.0,0.0,0.0,0.0,0.0,0.0,0.0,0.005939022933219099,0.0,0.02074425287722081,1.62799896722225,0.0,0.01445674522516008,0.0,147.23783263656384,2.580386597725276,0.0,14.30623911100136,0.004790317272504254,0.006085351441585743,0.0,0.12722240352894584,0.0,0.06205949292855611,0.0,0.0,0.0,0.0,0.0,0.0,0.0,0.0,0.0,0.0,0.0,0.0,0.0,0.0,0.0,0.0,0.0,0.0,1.1743130071755783e-05,0.0,0.0,0.0,0.0,0.0,0.0,0.0,0.0,0.0,0.0,0.0,0.0,0.0,0.0,0.0,2.713123753054561,0.0,0.0,0.0,0.0,0.0,0.0,0.0,0.0,0.0,0.0,0.0,0.0,0.0,0.0,0.0,0.0,0.0,0.0,0.0,0.0,0.0,0.0,0.0,0.0,0.0,0.0,0.0,0.0,0.0,0.0,0.0,0.0,0.0,0.0,0.0,0.0,0.0,0.0,0.236392867626368,0.0,0.0,0.0,0.0,0.0,0.0,0.0,0.0,0.0,0.0,0.0,0.0,0.0,0.0,0.0,0.0,0.0,0.0,0.0,0.0,0.0,0.0,0.0
ACAT,3.8916979979879596,1.6341434613588803,0.9057147824436892,25.246425674668448,4.424329186542917,0.0,0.009704425413381563,0.2802751702014346,0.0007196958064642439,0.0,0.0,7.259927723670373,0.0,0.0,1.0170793271206606,0.6729254863783362,0.0,1.3449676990081776,0.0,2.580386597725276,1009.9994139236328,0.0,29.553460102541187,0.0,0.009173631375106099,0.04917671437823891,27.56339111114989,0.0,0.0,12.718715294930787,0.0,1.9038958577382563,0.0,0.0,0.0,0.0,0.0,0.0,0.0,0.0,0.0,0.0,0.0,0.0,3.069449328835393,0.0,0.0,0.0001097567354185317,0.0,0.0,0.0,423.2795602171869,0.0,0.0,0.006426871234557105,0.0,0.0,0.0,0.8347753627741258,0.0,0.0,0.10856028238199505,26.848195842744314,0.08891343568697321,13.281458072722097,0.0,0.0,0.0,0.0,0.0,0.0,0.1415508449829279,0.0,0.0,0.0,0.0,0.0,0.2734221413756719,0.0,0.0,0.0,0.0,0.0,0.0,2.4327924519612263,0.0,0.7365632935453296,0.0,0.0,0.0,0.0,0.0,0.0,2.7067792490550966,0.0,0.0,0.0,0.0,0.07605734831474738,0.0,0.0,0.0,0.0,0.0,0.0,0.0,0.0,0.0,0.0,0.0,0.0,0.0,0.0,0.0,0.0,0.0,0.0,0.06374082770593886,0.0,0.0,0.0,0.0,0.0,0.0,0.0,0.0
ACTC,2.267604824103874,0.5457640396831069,1.9019616637628878,0.6978719245384745,0.0013214859559116234,0.0,0.006324696529762453,0.0,0.002814298039749397,0.0,0.0,0.0,0.0,0.0,0.0058231132889447965,0.10319244740390296,0.0,0.016232595260725964,119.46422922050023,0.0,0.0,13351.335688527342,0.004280691641330295,0.0,0.0,0.3205009895220449,0.01757727783412195,0.0,0.0,0.0,0.0,0.0,0.0,0.0,0.0,0.0,0.0,0.0,0.0,0.0,0.0,0.0,0.0,0.0,0.0,0.0,0.0,0.00011537437387011546,0.0,0.0,0.0,0.0,0.0,0.0,0.03350884443988481,109.98777437572089,0.0,2.1805759746676605,7.344686398706734,0.0,0.00029399016245868794,0.0,0.0,0.0,0.0,0.0,0.0,0.0,0.0,0.0,0.0,0.0,0.0,0.0,0.0,0.0,0.0,0.0,0.0,0.0,0.0,0.0,0.0,0.0,0.0,0.006606341972280766,0.0,0.0,0.0,0.0,0.0,0.0,0.0,0.0,0.0,0.0,0.0,0.0,0.0,0.0,0.0,0.0,0.0,0.0,0.0,0.0,0.0,0.0,0.0,0.0,0.0,0.0,0.0,0.0,0.0,0.0,0.0,0.0,0.0,0.0,0.0,0.0,0.0,0.0,114.06477506415172,686.2382019224293
AGAT,9.16942889547676,1.9576907703005946,4.208007951106952,0.338604885581336,5.346744839790658,0.04561999023476445,0.010364158298026846,3.071376118348199,0.0012698983060583147,0.010401272706346202,0.0,10.929184857370911,0.15963871449635114,0.0,9.353868314576525,0.7977083909490624,0.05137450718327914,4.203673867286238,0.06755132153610735,14.30623911100136,29.553460102541187,0.004280691641330295,683.2216579454089,0.004023810503065299,0.4736771632866076,0.004566946035103629,30.056291940500373,0.0378498056567722,0.03909693637008606,0.9103593195758628,0.12534863919752934,0.0,0.0,0.0024601805382834037,0.0,0.0,0.0,0.040928370756636114,0.0,21.126856803837512,0.0,0.0,0.17161436119636872,0.0,0.04108883643832018,141.74623762275695,0.6484993705845135,0.0002479175114084219,0.0,0.0,0.0,0.0,0.0,0.19487116864343357,0.005371659539782763,0.060746493397817895,0.0,0.0,10.252544771818117,0.0,0.00014662139517286556,0.1814720896734882,0.0,0.01651443646498473,5.544694278506146,0.0,0.011316103600900511,0.0,0.0,29.32923653897555,0.010556126467420936,65.39254986162982,0.002777608684379078,0.0,0.0,0.0,0.0,0.9598245432531418,0.0,0.0,0.0,6.295328496753477,0.0,0.0,0.3088645711628926,0.0014120459029708131,1.9266902387804798,0.0,0.0,0.0,0.003923417471777324,0.0,0.0,0.0,4.44304980176478,0.0,0.0,0.004184941059084808,0.0,6.4710537213718995,0.0,2.556433654192114,0.0,0.0,0.0,0.0,0.010013145504363934,0.0,0.03707239069277514,0.0731951361434027,0.0,0.0,0.0,0.0,0.0,0.0,0.27736216310306483,0.017758460932966,0.0,0.0,0.0,0.0,0.0313793565195407,0.0,0.0,0.0
AGCC,0.23467868026604025,3.9879464357939716,0.002230600563336431,0.11407339627826327,0.0004140615204725814,0.0,0.0019817187234763456,0.0,0.00602566544221658,0.0,0.01394684173722222,0.0014039141945858865,0.0018282804218245523,0.010929439598948596,0.4287710178884934,0.0,1.0167074215022565,5.243834131716405,0.0,0.004790317272504254,0.0,0.0,0.004023810503065299,627.9503108980819,0.04308650894103889,0.010042265408936346,0.22488928928022175,0.0,0.0,0.004223187040355034,0.0,0.0,0.0,0.0,4.686759620361272,0.0,0.0,0.0,0.0,0.0,357.29502382537413,0.0,0.0,0.0,0.0,0.0,0.0,4.121132036111225e-05,0.0,0.0,0.04360161527559984,0.0,0.0,0.0,0.0,0.0,0.0,0.0,0.0,0.0,0.0,0.0,0.0,0.0,0.0,0.0,0.004976599893310743,0.0,0.0,0.0,0.0,0.0,0.0,0.0,0.0,0.0,0.0,0.0,0.0,0.0,0.0,0.0,19.51183472789399,0.0,0.0,943.511548620537,0.0,0.12579090585147687,0.2645915118147301,0.0,0.017254418711672777,0.0,0.0,0.0,0.0,0.0,0.0,0.0,0.0,0.0,0.0,0.0,0.0,0.0,0.0,0.0,0.0,0.3120318031752873,0.08151854298672084,0.0,0.0,0.0,0.0,0.0,0.0,0.0,0.0,0.0,0.0,0.0,0.0,0.0,0.0,0.0,0.0,0.0
AGGC,0.6007053625701398,0.5040672354547199,121.4753712465498,0.0025597589198732705,0.0042080049853495715,0.0,0.018880985649860516,0.0,0.0,0.0,0.0,3.3118743753209405,0.0,0.013884149469794244,0.9448962999554357,0.0,0.11480607179769467,97.45393906699246,0.0,0.006085351441585743,0.009173631375106099,0.0,0.4736771632866076,0.04308650894103889,109.34801944177258,5.970338217184439,0.0038868950908370788,0.0,0.0,0.00536490087861668,0.0,0.0,0.0,0.0,0.0,0.0,0.0,0.057163875252441834,0.0,0.0,0.0,0.0,8.532982047125175,0.0,0.007173499326403337,0.0,0.0,3.398324007047087e-05,0.05802443592893054,0.0,43.86813246911119,0.0,0.0,0.0,0.0,0.0,0.0,0.0,0.0,0.0,0.0,0.0,0.0,0.0,0.0,0.008808670097057054,0.006321994475978019,0.0,0.0,0.0,0.02948708122884711,0.0,0.0,0.0,0.0,0.0,0.0,0.0,0.0,0.0,0.0,0.0,0.0,0.0,0.0,0.0013147850640183383,0.0,0.0,0.0,0.0,0.0,0.0,0.0,0.0,0.0,0.0,0.0,0.011690054806374502,0.019730348316030696,0.0,0.0,0.0,0.0,0.04911810629860373,0.0,0.0,0.0,0.0,0.0,0.0,0.0,0.0,0.0,0.0,0.0,0.0,0.0,0.0,0.0,0.0,0.0,0.0,0.08765389818474907,0.0,0.0,0.0
AGGG,25.167064852139045,18.01452930260472,0.28608073371451775,1.0285039610141589,0.38277566629299015,0.0,0.1012145355003519,0.0,0.06605484901156367,0.6230055278892489,0.0,1.6635253512889001,0.0,0.0,23.574408618563925,1.7614885743181004,4.923490095321188,16.110149627840396,5.057655914013944,0.0,0.04917671437823891,0.3205009895220449,0.004566946035103629,0.010042265408936346,5.970338217184439,21.95211342284716,1.9752832476742508,0.0,9.04191549865136,3.2498129884212386,0.0,0.0,0.0,9.24668633529957,0.0,0.0,4.614912837528554,0.0,0.0,69.5360571654691,0.0,0.0,0.5139596793058127,0.0,43.415342150225236,0.0,0.0,0.0004431224905715917,0.0,0.0,0.0,0.0,0.0,0.0,0.00893740410884155,0.0,0.0,0.0,0.0,0.0,0.00031364959667660856,0.15096725582439713,0.0,0.0,0.0,0.0,0.016945029941448874,0.0,0.0,0.0,0.0,0.0,0.0,1.0080894961693838,0.0,0.0,0.13779042392557667,0.0,0.0,0.0,0.0,0.0,0.0,0.0,0.0,0.0,0.0,0.0,0.0,0.0,0.0,0.0,0.0,0.0,0.0,0.0,0.0,0.0,0.0,0.0,0.0,0.0,0.0,0.0,59.7011822928482,0.0,0.0,0.0,0.0,0.0,0.0,0.0,0.0,0.0,0.0,0.0,0.0,0.0,0.0,0.0,0.0,0.0,0.0,0.0,0.23447477388467386,0.22800612858576894
ATCC,2.8269253993247574,1.0075899400154065,0.44370840744208223,0.0029610421694217905,0.19416129486049696,0.1456962558685006,0.1798909925185011,1.389415120529032,0.020705240555509933,0.0015818321266446397,0.002893778067216563,0.008156201459124192,0.4017243129519931,0.0,0.08839624008353053,0.39246004312431937,60.52470885373191,3.7952867887749666,11.742322087646357,0.12722240352894584,27.56339111114989,0.01757727783412195,30.056291940500373,0.22488928928022175,0.0038868950908370788,1.9752832476742508,426.46345177234787,0.0,0.0,0.007010026362322035,0.0,0.0,0.0,0.0,0.0,0.0,0.0,0.0,0.0,0.018264248609843874,0.054350299956982574,0.0,3.6643305594209514,0.0,0.002343306079922996,0.005603064650677101,0.0,0.0008021234357725252,0.0,0.0,0.0,0.0,0.0,0.0,0.011981572205185078,0.0,0.0,0.04873103080338238,0.0,0.0,0.00017201525997054173,0.004599731680907915,0.01043638623421424,0.0,0.0,0.02445835409884408,0.031493571426660295,0.0,0.0,0.0,0.004816147153483096,0.0,0.006336307261971718,0.0,0.0,0.0,0.0,0.002316995605302419,0.0,0.0,0.0,0.0,0.0,0.0,0.0013047866439077618,0.05454518766269371,0.005201401227619126,0.06959969313326074,0.05489910390376565,0.0,0.10561161813186626,0.0,0.0,0.0,0.0,0.0,0.07395976047632055,0.0,0.0,0.0,0.0,0.08043807843330827,0.0,0.0,0.0,0.02581130318640831,0.009136832978856244,0.06474231265511741,0.0,0.0,0.0,0.0,0.0,0.0,0.0,0.0,0.0,0.0,0.0,0.0,0.0,0.0,0.0,0.0,0.0,0.0
AAAAC,18.66308719272813,3.1307090245037608,11.566355700129183,0.005351753834846401,2.114904864646952,0.0,0.05592286353407518,0.0,0.01658931823637836,0.0,0.0,146.03040332575637,0.0,0.0,2.0423522838330124,8.668046396252656,0.0,23.574530251395764,8.383339411187439,0.0,0.0,0.0,0.0378498056567722,0.0,0.0,0.0,0.0,24881.5153583734,114.83202442877099,6.912190496488071,655.9520507187082,0.0,81.8166142199961,0.0,0.0,280.14509666908975,0.0,5.079344353261799,0.0,1.242023620427682,0.0,0.0,4.259580434630766,0.0,2.8683330007113104,0.0,0.0,0.3044908891932993,5.155810198053791,0.0,0.0,0.0,0.0,0.0,3.8517005262963937,0.0,6.569227248461653,32.5360415144621,0.0,0.0,0.007798368660775234,0.0,0.0,0.0,0.0,0.0,0.0,0.0,0.0,0.0,0.0,0.0,0.0,0.0,0.0,0.0,0.0,0.0,0.0,0.0,0.0,0.0,0.0,0.0,0.0,0.0,0.0,0.0,0.0,0.0,0.0,0.0,0.0,0.0,0.0,0.0,0.0,0.0,0.0,2.598960779216651,0.0,0.0,0.0,0.0,0.0,0.0,3.7279920848840473,0.0,0.0,0.0,0.0,0.0,0.0,0.0,0.0,0.0,0.0,0.0,0.0,0.0,0.0,0.0,0.0,0.0,0.0,0.0
AAAAG,13.970634537263003,2.3696778769269913,0.3154683551139822,3.8819485163586074,4.162656148856255,0.0,1.514739562012098,0.0,0.0,0.0,0.0,0.009093990864790364,0.0,0.0,113.05027351222762,8.848932759303919,0.0,78.83593842163741,0.962173992238439,0.06205949292855611,0.0,0.0,0.03909693637008606,0.0,0.0,9.04191549865136,0.0,114.83202442877099,4223.75764087486,12.474383960294617,0.29756930941727483,2.518426750212363,3.1300899110455838,47.061173805293755,0.37948677114136065,25.00777885399825,19.022164745456884,0.29148366746369386,0.0,373.33776028916384,0.0,0.0,4.399931316060149,0.0,0.10973492697833134,0.0,1.5394942545668626,0.005620007147613336,0.0,0.0,0.0,0.0,0.0,0.0,0.008501307658973924,9.51773617625006,0.0,0.0,0.8281652836277182,0.0,0.0002983452114270072,0.0,0.0,0.23522502449621302,0.0,0.0,0.0,0.0,0.0,0.0,2.8567875828419096,1.310679904837655,0.0,0.0,0.0,0.0,0.0,0.0,0.0,21.248937810138337,0.0,0.0,0.0,0.0,0.040734660691082336,0.0,0.0,0.0,0.0,0.0,0.0,0.0,0.0,0.0,0.0,0.0,0.0,0.0,0.0,0.0,0.0,0.0,0.0,0.0,0.0,0.0,0.0,0.0,0.0,0.0,0.0,0.0,0.0,0.0,0.0,0.0,0.5643765229165544,0.0,5.064960610319029,0.0,0.0,0.0,0.0,0.0,0.0,0.0
