,AAAAT,AAAT,AAATAT,AAATATAT,AAATATATAAATATATAT,AAATATATAT,AAATATATATAT,AACAT,AATAC,AATAT,AATATAT,AATATATAT,AATATATATG,ACACAT,ACACATATAT,ACACATATATACATATAT,ACACATATATAT,ACAT,ACATAT,ACATATAT,ACATATATACATATATAT,ACATATATAT,AGATATATAT,ATATATATC,AAATG,AAATGATG,AATCGAATGG,AATG,AATGG,ACATCC,ACCATC,ACTC,ACTCC,AGAGGG,AGATGG,AGGG,ATCC,AAAAG,AAAG,AAAGG,AAGAG,AAGG,AAGGAG,AAGGG,ACAG,ACAGAG,ACGGGAGAGGGAGAGGGAG,AGAGG,AGGC,AAAAC,AAACT,AACC,AACCCT,AAGCCAGCC,AGCC,AATAG,ACACT,ACTAT,AGAGAT,AGAT,AGATAT,AGCAT,AGGAT
AAAAT,1.0,0.828341191336891,0.490689914109784,0.339811712716055,0.275199504786927,0.501771808391277,0.332859696926898,0.0412809307438964,0.0065822770125146,0.704457600596558,0.394709235285395,0.426362739431709,0.0336994988005963,0.0101610618925267,0.0510865311215032,0.0870263334722235,0.0473053378525503,0.0,0.0862681469509473,0.143066486598908,0.0427508144918609,0.136233045123576,0.0,0.0,0.0125910513134496,0.0082937093044028,0.0,0.0159484685996469,0.0,0.0,0.0,0.0,0.0090392968264635,0.0459214816599292,0.0,0.0,0.0277863792311877,0.0522851026812731,0.0913382281747578,0.021229091278079,0.0376372480434271,0.0382568483093833,0.0145099051253987,0.0,0.0066121722130382,0.0,0.0,0.0,0.0,0.0213890386715326,0.0125325280217332,0.0,0.0,0.0,0.0,0.0692892399577858,0.0,0.0,0.0,0.12614432441989,0.062899329161591,0.0,0.0
AAAT,0.828341191336891,1.0,0.385963705617243,0.286038349878103,0.209441184059731,0.465079104125684,0.258809660918785,0.0379622820401184,0.0427226286352815,0.629874815205356,0.384609947051804,0.404758274120969,0.0341729420984188,0.0068475008842357,0.0339756325530321,0.0806445791772195,0.0591793837967693,0.0096847354756651,0.0703333755975273,0.129744972693171,0.0263916302067828,0.213190732851921,0.0,0.0155452912177231,0.0181600683371302,0.024823960378354,0.0,0.0167376545744504,0.0,0.0,0.0,0.0163389061504756,0.0185821168066776,0.0500152538813523,0.0,0.0,0.036821019484719,0.0344836771265502,0.0621780848989864,0.0,0.0288684322432286,0.0441484662870426,0.0,0.0,0.043726191950148,0.0118126122870028,0.0,0.0,0.0202566115924892,0.0213971099511675,0.0093789565143151,0.0,0.0,0.0,0.0,0.0831092697393068,0.0116709242060504,0.0120934868270814,0.007701593888936,0.129435524287025,0.0310791562939207,0.0083439076553919,0.0
AAATAT,0.490689914109784,0.385963705617243,1.0,0.424945547719008,0.247517057358371,0.466697081360539,0.295198315546802,0.0388040869080478,0.0,0.406618574892985,0.48335918823043,0.415644516529152,0.0289609247046452,0.0124107423316627,0.0961033660777691,0.0934928146480444,0.0408556559641423,0.0,0.075338259046438,0.0914922657746992,0.0343448935535747,0.0451758790744901,0.0185766648927944,0.0232322902732543,0.0082961771467779,0.0,0.0,0.0148581584246117,0.0,0.0,0.0,0.0,0.0,0.0374971206836114,0.0,0.0,0.0189045089792547,0.0377988127763498,0.0263072248214757,0.0190476033921023,0.0478185058977727,0.0356687662277911,0.0258452051393442,0.0,0.0,0.0,0.0,0.0,0.0,0.0149770022564165,0.0152671582051523,0.0089887908020494,0.0,0.0,0.0,0.0497602749421713,0.0,0.0,0.0,0.137377310062966,0.0556722894667363,0.0,0.0
AAATATAT,0.339811712716055,0.286038349878103,0.424945547719008,1.0,0.185032032779097,0.426182614756222,0.238457129169361,0.0413419383997296,0.0,0.266250482794582,0.617125632304503,0.393269494447948,0.0221639258916838,0.0140829188826903,0.134389476008614,0.0967456848971882,0.0486907818483683,0.0,0.0680999176028568,0.0856318890180792,0.0238403108135485,0.0294189744807743,0.0298637997115366,0.083932997796437,0.0144031103349062,0.0,0.0,0.0188058173733838,0.0,0.0,0.0292886958837331,0.0,0.0,0.0848767104689871,0.0095204766283138,0.0164735084899019,0.0641708239620351,0.0423230829444902,0.0460088152685113,0.0335823675037845,0.0742814703550995,0.0807229704382611,0.0301375482232985,0.0312174584909321,0.0,0.0,0.0,0.0101521508711537,0.0,0.0148067243862194,0.0113805855876433,0.0105211888540624,0.0,0.0,0.0,0.054398978717999,0.0,0.0,0.0,0.166366171938975,0.0484602334793405,0.0,0.0
AAATATATAAATATATAT,0.275199504786927,0.209441184059731,0.247517057358371,0.185032032779097,1.0,0.323316821504827,0.237492273802722,0.0283825645550145,0.0,0.278637584430349,0.274870883432573,0.339702978417547,0.0212771172162885,0.0172814193497869,0.0807675161188528,0.0628644807576914,0.0128039675884668,0.0,0.0596132287276627,0.0808237559384455,0.0279075428843357,0.0406856194089312,0.0,0.0157011174058529,0.0,0.0,0.0,0.0140660429217567,0.0,0.0,0.0136731564543536,0.0,0.0,0.0389625715319914,0.0,0.0,0.0353025638094694,0.0295287133358188,0.0241338149735448,0.0239776046723853,0.0439035658447639,0.0586666284264069,0.0334011268307625,0.0159203336081816,0.0,0.0118704741705041,0.0090584209066442,0.0,0.0,0.0177945576073538,0.0077379475708648,0.0217335933244798,0.0,0.0,0.0,0.0323551984207137,0.0082668646753119,0.0,0.0074755914570619,0.124433626161752,0.0626309449577783,0.0,0.0
AAATATATAT,0.501771808391277,0.465079104125684,0.466697081360539,0.426182614756222,0.323316821504827,1.0,0.424911686400649,0.0732116352089913,0.0,0.398583253361469,0.626187046121034,0.658813284024999,0.0583000607200645,0.0194302249706707,0.207396165067258,0.175541952532887,0.108104512134524,0.0,0.104836191848402,0.200277807344773,0.0373871884563891,0.141211173449333,0.0081887225680696,0.106678640204306,0.0227395329447794,0.0203408558674083,0.0075347236802933,0.0301644235750354,0.0,0.0,0.0434870216290579,0.0198732263388486,0.0,0.117892067628676,0.036965932577328,0.0537735462149362,0.098060351374381,0.0521771169056542,0.0690782823772996,0.0301193233811629,0.125795129118374,0.14047405351128,0.0308553139435136,0.0544788021126788,0.0218244494380599,0.0286958633082864,0.0,0.0261587275679198,0.0,0.0202062587679999,0.0154602906726504,0.0144051533226046,0.0,0.0,0.0,0.0745007308628148,0.0,0.0,0.0,0.258827755392168,0.056013611358804,0.0091620456520761,0.0
AAATATATATAT,0.332859696926898,0.258809660918785,0.295198315546802,0.238457129169361,0.237492273802722,0.424911686400649,1.0,0.030328711514063,0.0,0.256698037682046,0.305963066068062,0.450134340030178,0.0320201216361558,0.0199786252046349,0.137435550537255,0.0810017505132039,0.0413973922784005,0.0,0.0529851855852806,0.108507938725015,0.0231963709050742,0.0571587350270146,0.0076771876809747,0.0390700923939434,0.0168820468084482,0.0084176652875068,0.0081311557476155,0.0236319614740445,0.0,0.0,0.0741473654850274,0.0081056735145998,0.0,0.0989099531049425,0.0258878225059024,0.0730272453620105,0.141832955516522,0.0515079885160935,0.0440438259628131,0.0468819115439425,0.0821466956106131,0.145110839895662,0.0305455912188038,0.0662247616889245,0.0,0.0278720293606927,0.0109752045941154,0.0170486599329459,0.0,0.0220609231921091,0.0107328981613644,0.0163063880940532,0.0,0.0214206084435861,0.0127268915318874,0.0306606712166184,0.0,0.0,0.0,0.175012197092691,0.0392804383870496,0.0,0.0
AACAT,0.0412809307438964,0.0379622820401184,0.0388040869080478,0.0413419383997296,0.0283825645550145,0.0732116352089913,0.030328711514063,1.0,0.020890476330405,0.0335428963959491,0.0545480275162151,0.083855548834384,0.0341941088487304,0.0672704395267272,0.165805714981879,0.0911827538531459,0.0421706083653803,0.0088601629220883,0.198551528660524,0.166920624207867,0.054563603695328,0.0628690182056577,0.0284478692496079,0.0967698130677864,0.0537140101780235,0.0298394534714592,0.0,0.173337324827976,0.0,0.0394542312193701,0.143350624288765,0.0929586227508086,0.0,0.179010644185772,0.0151476713963493,0.0623811321148451,0.342831347885836,0.240162902521975,0.285479321913046,0.169092172415058,0.241082946418092,0.308507812806021,0.0930583801058312,0.118518379441602,0.0,0.117978399974791,0.0554668687883576,0.0623282058799637,0.0,0.133624307385519,0.0756619681070843,0.1077439022916,0.0,0.0175020328572113,0.0104700405453007,0.297062267893829,0.0445336900975629,0.0403385945771417,0.0146891500727036,0.556459718534422,0.194728308107123,0.0267808193340518,0.0
AATAC,0.0065822770125146,0.0427226286352815,0.0,0.0,0.0,0.0,0.0,0.020890476330405,1.0,0.0074983157542867,0.0122325895023908,0.0121330073179003,0.0,0.0,0.0078085137209517,0.0093642490297553,0.0109524161434189,0.053910409096866,0.0102833661209879,0.0229061716409249,0.0,0.0299356262944893,0.0,0.0152763468295703,0.0149303442733285,0.0131645636664884,0.0,0.0268744491736489,0.0111907608095362,0.0,0.0,0.0210360472851038,0.0,0.0186246208772968,0.0,0.0115979438762688,0.0449605202927753,0.0092327037408463,0.141935667135221,0.0,0.0079012200341523,0.0257440731665754,0.0,0.0,0.461722790571749,0.0241159697229483,0.0,0.0,0.36937489318849,0.0100370929758042,0.0,0.0,0.0,0.0,0.0,0.0503905646163333,0.0,0.027931670354849,0.0,0.073160662244697,0.0,0.0,0.0085278184291824
AATAT,0.704457600596558,0.629874815205356,0.406618574892985,0.266250482794582,0.278637584430349,0.398583253361469,0.256698037682046,0.0335428963959491,0.0074983157542867,1.0,0.328231773354697,0.381241220580383,0.0223343111025542,0.0167092543131865,0.0304290061167023,0.0494646290161173,0.0172811489207542,0.0,0.0826287890202065,0.0854851035373127,0.0423536773650314,0.0904538879136234,0.0,0.0,0.0,0.0,0.0,0.0192181871899181,0.0,0.0,0.0,0.0081538311017229,0.0,0.0349238116193113,0.0,0.0,0.0277460097348079,0.0347264262462894,0.0338776697232903,0.01612050885769,0.0215100851006332,0.0190536241852821,0.0198243565320339,0.0,0.0,0.0098593977868391,0.0,0.0,0.0,0.0227857838082909,0.0174509854065674,0.017256925732624,0.0,0.0,0.0,0.0567156132581944,0.0,0.0,0.0,0.120710848027672,0.0777957288468237,0.0089248771578409,0.0
AATATAT,0.394709235285395,0.384609947051804,0.48335918823043,0.617125632304503,0.274870883432573,0.626187046121034,0.305963066068062,0.0545480275162151,0.0122325895023908,0.328231773354697,1.0,0.625790410605813,0.0480166275081341,0.0289946538449545,0.239761251077457,0.140929799214009,0.0860316823818094,0.0,0.0983710589838867,0.137634471415014,0.0265891666665932,0.0787138804542402,0.0194386219946619,0.202022605958972,0.0266138690676959,0.0230795988604453,0.0078926085502139,0.0358862691451659,0.0,0.0,0.0883514445671709,0.0364315790529188,0.0,0.162748785911128,0.0236883204923724,0.0791264651831139,0.188372126215437,0.0528045123080031,0.0967948578195376,0.0479010616208548,0.0765208461525711,0.0599587526392868,0.031241590992582,0.0264372615919192,0.0211398082644295,0.0474662199175334,0.0080201404452209,0.025228127000507,0.0,0.0237492771941679,0.01666176707354,0.0203511601436288,0.0,0.0063096188140233,0.0,0.0832968608437745,0.0,0.0081874840620886,0.0,0.304402975403716,0.0559564492423027,0.0152024674354416,0.0
AATATATAT,0.426362739431709,0.404758274120969,0.415644516529152,0.393269494447948,0.339702978417547,0.658813284024999,0.450134340030178,0.083855548834384,0.0121330073179003,0.381241220580383,0.625790410605813,1.0,0.0487816656911466,0.0315181647056921,0.251354187139895,0.147737211004426,0.0698410520074582,0.0,0.128558218760988,0.170721384697729,0.0470443557425008,0.118770745326869,0.0135388066272693,0.124251131369631,0.0291895270679748,0.0190975266662404,0.0,0.0473889845958583,0.0,0.0105483639320151,0.0928122136140682,0.0376647618162905,0.0,0.171411141596088,0.0183202849640162,0.092445070655425,0.215036355972599,0.0813913774126443,0.128364868596641,0.0737208481560208,0.119555879051677,0.0866795649003886,0.0612739433767645,0.0299094252948561,0.0085434912693098,0.0517160818414734,0.0219621689679815,0.0199473200358253,0.0,0.0502922845315946,0.0249581677206073,0.0442111105843146,0.0149363587585892,0.0117944719251567,0.0088697938736622,0.108223437561204,0.0,0.0,0.0,0.373564917219751,0.0936146354774656,0.014835396220421,0.0
AATATATATG,0.0336994988005963,0.0341729420984188,0.0289609247046452,0.0221639258916838,0.0212771172162885,0.0583000607200645,0.0320201216361558,0.0341941088487304,0.0,0.0223343111025542,0.0480166275081341,0.0487816656911466,1.0,0.0215685399766995,0.10186581516829,0.047811114088004,0.0319709010557088,0.0,0.0385099413021146,0.0923399553151791,0.0136370548634382,0.0660574581973783,0.0150582677682004,0.0571589336191441,0.0122923241576872,0.0181134945212989,0.0084786419968386,0.028438396876732,0.0,0.0,0.0689146484505776,0.0293395027564905,0.0169954768073527,0.0781285804454232,0.0239691607005404,0.0548320084136102,0.116813483659557,0.0290076194245456,0.041221822225506,0.0236369423520688,0.0485202148667989,0.0356882444914968,0.0168762588607691,0.0188507115853307,0.0106051523062049,0.0447274607409812,0.0,0.0259583961321695,0.0,0.0223882576328383,0.0,0.0297060444064912,0.0,0.0080546570114505,0.0,0.0377720359713632,0.0115977019476066,0.0,0.0,0.132239133376223,0.0237551625540917,0.0082296001325655,0.0078188016301727
ACACAT,0.0101610618925267,0.0068475008842357,0.0124107423316627,0.0140829188826903,0.0172814193497869,0.0194302249706707,0.0199786252046349,0.0672704395267272,0.0,0.0167092543131865,0.0289946538449545,0.0315181647056921,0.0215685399766995,1.0,0.115323048923879,0.0434853519731825,0.0199163923065013,0.0,0.0643578176627793,0.0664238098908892,0.0164948882969543,0.0,0.0185477432446158,0.0509653015933051,0.0136321110110829,0.0161624528115537,0.0,0.0405545886966005,0.0,0.0288345718613112,0.152612871469304,0.0325927617308059,0.0343463676408333,0.11740330019573,0.0260790516585962,0.0693634776028963,0.217321245053166,0.0510797574038385,0.0612233412029533,0.0702046494908285,0.0488649092807388,0.0602336576595888,0.0592271602359316,0.0279621215983282,0.0,0.0760962530474842,0.0444917221645005,0.0666027388573119,0.0,0.0325657475052592,0.021252503283131,0.0531816224761234,0.0,0.0198939270848339,0.0166336129563694,0.060507630472266,0.0594407527084715,0.0,0.0163462586225844,0.227387382782632,0.0806886604382912,0.0107565795368123,0.0
ACACATATAT,0.0510865311215032,0.0339756325530321,0.0961033660777691,0.134389476008614,0.0807675161188528,0.207396165067258,0.137435550537255,0.165805714981879,0.0078085137209517,0.0304290061167023,0.239761251077457,0.251354187139895,0.10186581516829,0.115323048923879,1.0,0.128851104513007,0.0712470983118362,0.0,0.130104024641919,0.18531426636464,0.0310970437392689,0.0431145037505316,0.0217242426201173,0.240722612671251,0.0579460660850771,0.0584397257308462,0.0390740813879887,0.130804074340294,0.0141254774952344,0.0299632473096977,0.357753492642805,0.0584451381726235,0.030804499187784,0.253740398957503,0.0885032575977621,0.242598172279363,0.473766323474085,0.184192079896593,0.233624491363807,0.195278447752911,0.237105706873622,0.193764484436094,0.113496239932238,0.128520756540261,0.008500043333731,0.130189709633721,0.0305581185317327,0.076328579427027,0.0,0.0850734860904209,0.0381812356221089,0.0820213207065907,0.0211917401337854,0.0772629351520714,0.0273019331199146,0.146449196429352,0.0292276417027026,0.0063680179112861,0.0064862864179218,0.464337791041926,0.0832472574197443,0.0075129029907686,0.0091489629053098
ACACATATATACATATAT,0.0870263334722235,0.0806445791772195,0.0934928146480444,0.0967456848971882,0.0628644807576914,0.175541952532887,0.0810017505132039,0.0911827538531459,0.0093642490297553,0.0494646290161173,0.140929799214009,0.147737211004426,0.047811114088004,0.0434853519731825,0.128851104513007,1.0,0.0827961704030242,0.0,0.125407766656992,0.11234120607947,0.0310753832217495,0.057696921311157,0.0142323727264211,0.0549007447910009,0.026110560245475,0.0140668597992878,0.0,0.0490133696765391,0.0,0.0,0.0281552489100967,0.0244182506499755,0.0,0.0545345560204821,0.0133936474946566,0.0235670180306094,0.0654557506515242,0.0900457707301725,0.103644617704068,0.0577351568600442,0.091869324598853,0.0705721388989813,0.04837884993718,0.020147088599277,0.0,0.0278822401885251,0.0127838712777532,0.0131959781152388,0.0,0.0361878146597646,0.0272634904024079,0.0345444848733563,0.0,0.0,0.0,0.0987610597672532,0.0,0.0,0.0,0.173431036397472,0.0936526213144988,0.0152995989504018,0.0
ACACATATATAT,0.0473053378525503,0.0591793837967693,0.0408556559641423,0.0486907818483683,0.0128039675884668,0.108104512134524,0.0413973922784005,0.0421706083653803,0.0109524161434189,0.0172811489207542,0.0860316823818094,0.0698410520074582,0.0319709010557088,0.0199163923065013,0.0712470983118362,0.0827961704030242,1.0,0.0,0.0707852835646011,0.104785025509855,0.007497429044663,0.079213765804007,0.0,0.0838294621140705,0.0414822769262498,0.03170887451957,0.0171511657328651,0.0286382740866709,0.0246898299026374,0.0,0.0558563056091875,0.0310323225478633,0.0103559115194712,0.0672138914158859,0.0383942424629913,0.0618143592462408,0.0989728704838096,0.0526157303261782,0.0683460992003912,0.0180820624276756,0.0492890886254855,0.0383214714354364,0.0,0.0264412564980312,0.0364766473718453,0.0547474016420909,0.0,0.023584521352197,0.0,0.0107836523560689,0.0074000618374942,0.0075394479350683,0.0,0.0,0.0,0.0448382040094547,0.0,0.0114476716155599,0.0079262592071849,0.133579727743918,0.034285284466329,0.0,0.0
ACAT,0.0,0.0096847354756651,0.0,0.0,0.0,0.0,0.0,0.0088601629220883,0.053910409096866,0.0,0.0,0.0,0.0,0.0,0.0,0.0,0.0,1.0,0.0,0.014602852114463,0.0,0.0135724858451295,0.0,0.0112733944092058,0.0,0.0075127097724633,0.0,0.0077672844532099,0.0,0.0,0.0,0.0182311223850662,0.0,0.0,0.0,0.0,0.0182291114224256,0.0065745529354083,0.0191815140860646,0.0,0.0,0.0058511431041653,0.0,0.0,0.0,0.0,0.0,0.0,0.0391837964154479,0.0,0.0,0.0,0.0,0.0,0.0,0.0094286619629128,0.0,0.0,0.0,0.0434060431461822,0.0,0.0,0.0
ACATAT,0.0862681469509473,0.0703333755975273,0.075338259046438,0.0680999176028568,0.0596132287276627,0.104836191848402,0.0529851855852806,0.198551528660524,0.0102833661209879,0.0826287890202065,0.0983710589838867,0.128558218760988,0.0385099413021146,0.0643578176627793,0.130104024641919,0.125407766656992,0.0707852835646011,0.0,1.0,0.213681170856828,0.0683578307620246,0.0812342394027227,0.0502271900233193,0.0834861765061117,0.035019014724254,0.0193513073145689,0.0,0.1194675802792,0.0,0.0397245752897202,0.144388986226871,0.0667079391130973,0.0,0.18266174741691,0.0212428371726353,0.0636159094674872,0.290521367023219,0.164550976628182,0.177323977489527,0.133027531574839,0.142918315494155,0.122370757302914,0.116009371041289,0.0422163956491643,0.0,0.0551219188504945,0.0641145239157941,0.0547433032283969,0.0,0.0832667984327937,0.0499141958940089,0.114437019871301,0.0,0.0200648673213208,0.016674332863474,0.187533770280691,0.0479141979644132,0.0080549531559331,0.0238140443745085,0.502402744339875,0.375849336920307,0.0228771504724073,0.0
ACATATAT,0.143066486598908,0.129744972693171,0.0914922657746992,0.0856318890180792,0.0808237559384455,0.200277807344773,0.108507938725015,0.166920624207867,0.0229061716409249,0.0854851035373127,0.137634471415014,0.170721384697729,0.0923399553151791,0.0664238098908892,0.18531426636464,0.11234120607947,0.104785025509855,0.014602852114463,0.213681170856828,1.0,0.0452396867451424,0.178863907751805,0.0151627017600533,0.143744266187163,0.0388347528695901,0.0373445628064462,0.0216027572062522,0.112387965648137,0.0129525280861648,0.0179740181920779,0.204327482709862,0.0648727093406452,0.0273084406984845,0.193176222472342,0.0321492065313378,0.113485947308416,0.34603375944372,0.183381356731385,0.195131260957564,0.113608905842247,0.149729372391899,0.126544582414761,0.0657424134357422,0.0553153124115051,0.0372113112133216,0.0709828541434986,0.0297592173635543,0.0431916341449844,0.0,0.0748262446986955,0.0428831469100183,0.066430154026203,0.0118973272619143,0.0229757109678521,0.0148413493820754,0.162120819544333,0.0324776691868503,0.0169992666902953,0.0,0.467406239115742,0.133787117982339,0.0154619847497872,0.0
ACATATATACATATATAT,0.0427508144918609,0.0263916302067828,0.0343448935535747,0.0238403108135485,0.0279075428843357,0.0373871884563891,0.0231963709050742,0.054563603695328,0.0,0.0423536773650314,0.0265891666665932,0.0470443557425008,0.0136370548634382,0.0164948882969543,0.0310970437392689,0.0310753832217495,0.007497429044663,0.0,0.0683578307620246,0.0452396867451424,1.0,0.0284223253976636,0.0129437255234126,0.0,0.0,0.0,0.0,0.0187652938373609,0.0,0.0085112603692477,0.0,0.0,0.0,0.009436678532756,0.0,0.0,0.0113988404276274,0.0517105186036528,0.0308470299159413,0.0254649260158671,0.0350421300949158,0.0206544156395434,0.0350780858227305,0.0,0.0,0.0111603659200223,0.0208899881245767,0.0,0.0,0.0368181761874105,0.0285161250804812,0.0303643784436748,0.0,0.0,0.0,0.0625902957817229,0.0,0.0,0.01156278526256,0.0787235331139023,0.0593798868464289,0.0,0.0
ACATATATAT,0.136233045123576,0.213190732851921,0.0451758790744901,0.0294189744807743,0.0406856194089312,0.141211173449333,0.0571587350270146,0.0628690182056577,0.0299356262944893,0.0904538879136234,0.0787138804542402,0.118770745326869,0.0660574581973783,0.0,0.0431145037505316,0.057696921311157,0.079213765804007,0.0135724858451295,0.0812342394027227,0.178863907751805,0.0284223253976636,1.0,0.0,0.0577737208211525,0.0354382379267432,0.0429563833272614,0.0,0.031209747148664,0.0113993545736134,0.0,0.0249098851182035,0.0453607358661244,0.0,0.0884500394728559,0.0,0.0499736596672344,0.123622079370995,0.049025774070887,0.101514413618374,0.014698332251533,0.051923736565227,0.0476667688543251,0.0,0.0138762639822387,0.0601570093487112,0.0344047553264208,0.0,0.0,0.006326444444275,0.0242221599707582,0.0,0.0090681005873208,0.0,0.0,0.0,0.104606638728429,0.0,0.0318117112132179,0.015514101679934,0.21270987320158,0.0319670817851211,0.0087052139142518,0.0
AGATATATAT,0.0,0.0,0.0185766648927944,0.0298637997115366,0.0,0.0081887225680696,0.0076771876809747,0.0284478692496079,0.0,0.0,0.0194386219946619,0.0135388066272693,0.0150582677682004,0.0185477432446158,0.0217242426201173,0.0142323727264211,0.0,0.0,0.0502271900233193,0.0151627017600533,0.0129437255234126,0.0,1.0,0.0199829260738306,0.0,0.0,0.0,0.013996202669385,0.0,0.0099843344402526,0.0091427331811059,0.0,0.0,0.0123344320098895,0.0,0.0,0.0405670924656837,0.0223592167156876,0.0149197571219058,0.0307705598731558,0.023465260000152,0.0157606881615983,0.0443278431395277,0.0080576247243818,0.0096983078270024,0.0058383699507146,0.020013198377426,0.0086241427722245,0.0,0.0172043195215197,0.0114472073897416,0.0237466741077438,0.0,0.0,0.0,0.0275238751811105,0.0162557831235111,0.0,0.0275698509570167,0.0432082418352573,0.0633424306400777,0.0,0.0
ATATATATC,0.0,0.0155452912177231,0.0232322902732543,0.083932997796437,0.0157011174058529,0.106678640204306,0.0390700923939434,0.0967698130677864,0.0152763468295703,0.0,0.202022605958972,0.124251131369631,0.0571589336191441,0.0509653015933051,0.240722612671251,0.0549007447910009,0.0838294621140705,0.0112733944092058,0.0834861765061117,0.143744266187163,0.0,0.0577737208211525,0.0199829260738306,1.0,0.063211017157666,0.0632591633839991,0.0311578272172514,0.0719859516775878,0.0241392258473657,0.0172774009226909,0.0882579614187043,0.072866058945302,0.0210134532363669,0.130967242240912,0.0845446896139526,0.0908417456579205,0.416517701637137,0.0787558855640617,0.172204362720445,0.096423107313438,0.149313389526098,0.122192352500431,0.0252012182075655,0.0822497988790629,0.0618827807725519,0.102005836262826,0.0170153724033377,0.056233528115079,0.0,0.0382784113232177,0.0101114357653805,0.0439869219893863,0.034478362875635,0.0132583032483103,0.0,0.110298734154869,0.0189977752114519,0.0327435152727137,0.0,0.236171567943353,0.0356279108241234,0.0218156392566493,0.0257763438841702
AAATG,0.0125910513134496,0.0181600683371302,0.0082961771467779,0.0144031103349062,0.0,0.0227395329447794,0.0168820468084482,0.0537140101780235,0.0149303442733285,0.0,0.0266138690676959,0.0291895270679748,0.0122923241576872,0.0136321110110829,0.0579460660850771,0.026110560245475,0.0414822769262498,0.0,0.035019014724254,0.0388347528695901,0.0,0.0354382379267432,0.0,0.063211017157666,1.0,0.120682712392359,0.0109032449539646,0.0399541398757403,0.0498278936757297,0.0,0.106062539598704,0.0407089603563542,0.06412708164703,0.128790230368025,0.059652188437558,0.101877139853225,0.21571304354583,0.045308991019016,0.073066525135482,0.0336390679215076,0.0707858162669816,0.169570993182217,0.0122882221558712,0.103492750404446,0.0274361378412822,0.0629412036144288,0.0,0.057289926955421,0.0,0.01928222704822,0.0,0.0125426373482093,0.0,0.0213179106182029,0.0095632816342589,0.0470212199981515,0.0202177242718157,0.0186390603736482,0.0,0.178524182128391,0.0149838601790228,0.0,0.0
AAATGATG,0.0082937093044028,0.024823960378354,0.0,0.0,0.0,0.0203408558674083,0.0084176652875068,0.0298394534714592,0.0131645636664884,0.0,0.0230795988604453,0.0190975266662404,0.0181134945212989,0.0161624528115537,0.0584397257308462,0.0140668597992878,0.03170887451957,0.0075127097724633,0.0193513073145689,0.0373445628064462,0.0,0.0429563833272614,0.0,0.0632591633839991,0.120682712392359,1.0,0.0171031400381334,0.0244694591845368,0.0621466959831651,0.0,0.242176179498973,0.0624820505395417,0.102176743812419,0.228506756203729,0.0610826925002511,0.20407663265956,0.35469404739428,0.0356670873856715,0.0776600377320794,0.0426206025045973,0.0642736367482377,0.224803994230907,0.010277758403965,0.197641249488678,0.0445012788512722,0.103215308738933,0.0,0.0772166324157837,0.0,0.0159015232949903,0.0,0.0207577095612044,0.0,0.200046956721723,0.102379663328061,0.0436287487159198,0.0174273076545916,0.0276999783789108,0.0,0.155334135138646,0.0,0.0,0.0155020333438331
AATCGAATGG,0.0,0.0,0.0,0.0,0.0,0.0075347236802933,0.0081311557476155,0.0,0.0,0.0,0.0078926085502139,0.0,0.0084786419968386,0.0,0.0390740813879887,0.0,0.0171511657328651,0.0,0.0,0.0216027572062522,0.0,0.0,0.0,0.0311578272172514,0.0109032449539646,0.0171031400381334,1.0,0.0132681990811089,0.0358126050675291,0.0,0.0933758760798153,0.0186715354552548,0.0835101663384204,0.0648887346261287,0.0362429607636033,0.0932256709583809,0.123246113232208,0.0121336274940954,0.0087091104914213,0.0065230521446562,0.0080549360541359,0.013416906175535,0.0,0.0231482842568288,0.0139655867434789,0.0255733010094156,0.0,0.0486890475370948,0.0,0.0,0.0,0.0,0.0,0.0242609303999941,0.0205374463980116,0.0,0.0144359645162944,0.0074212498089513,0.0,0.0486054613089686,0.0,0.0,0.0099000834725569
AATG,0.0159484685996469,0.0167376545744504,0.0148581584246117,0.0188058173733838,0.0140660429217567,0.0301644235750354,0.0236319614740445,0.173337324827976,0.0268744491736489,0.0192181871899181,0.0358862691451659,0.0473889845958583,0.028438396876732,0.0405545886966005,0.130804074340294,0.0490133696765391,0.0286382740866709,0.0077672844532099,0.1194675802792,0.112387965648137,0.0187652938373609,0.031209747148664,0.013996202669385,0.0719859516775878,0.0399541398757403,0.0244694591845368,0.0132681990811089,1.0,0.0,0.0215219394995259,0.170236099337742,0.0815027731686766,0.0224927194045029,0.102887642093487,0.0373651882432719,0.0721345238943295,0.310778700798966,0.121129113601024,0.16317458571186,0.116231842224501,0.103964046477836,0.0935513261747512,0.0485621864191319,0.0334312482266719,0.0,0.101951512109536,0.0258572801373287,0.0507270024234011,0.0,0.0702955156330159,0.042702355313529,0.0848088794999635,0.0,0.0184858135390558,0.0127545512934203,0.14094099071392,0.0550663150764257,0.0295150589166429,0.0129804503763848,0.409453557089962,0.0886145625355299,0.015418762649555,0.0
AATGG,0.0,0.0,0.0,0.0,0.0,0.0,0.0,0.0,0.0111907608095362,0.0,0.0,0.0,0.0,0.0,0.0141254774952344,0.0,0.0246898299026374,0.0,0.0,0.0129525280861648,0.0,0.0113993545736134,0.0,0.0241392258473657,0.0498278936757297,0.0621466959831651,0.0358126050675291,0.0,1.0,0.0,0.172932489871232,0.0371582360775427,0.173375300575157,0.102895686532785,0.0657669894966171,0.163522844572933,0.234524688571348,0.0100055607297893,0.0161415746557416,0.0068309904526428,0.0,0.0185862507749492,0.0,0.0370537267789132,0.0312564857665383,0.0500097073506503,0.0,0.0480894801369786,0.0,0.0,0.0,0.0,0.0,0.0158339183102156,0.0134784476571512,0.0,0.0120072902717847,0.0173291428568794,0.0,0.033301250960613,0.0,0.0,0.0073236806071715
ACATCC,0.0,0.0,0.0,0.0,0.0,0.0,0.0,0.0394542312193701,0.0,0.0,0.0,0.0105483639320151,0.0,0.0288345718613112,0.0299632473096977,0.0,0.0,0.0,0.0397245752897202,0.0179740181920779,0.0085112603692477,0.0,0.0099843344402526,0.0172774009226909,0.0,0.0,0.0,0.0215219394995259,0.0,1.0,0.185435875913053,0.0451213288277225,0.0515118785233708,0.107043872103157,0.0200942304063778,0.0790412054289553,0.182978018751488,0.0217982533480215,0.0269864232159435,0.0409683052946602,0.0257557024561556,0.0401441657887545,0.0383557423294291,0.0234788947269226,0.0,0.036059962606231,0.0530501993771252,0.0498053962527852,0.0,0.0252753849226991,0.0162853664512244,0.0459206285933189,0.0090010383746806,0.0267356173782035,0.0212158948156368,0.0262643738175251,0.0378858604018601,0.0,0.0293167610600748,0.111859243635278,0.0508866117175518,0.0067739807012271,0.0
ACCATC,0.0,0.0,0.0,0.0292886958837331,0.0136731564543536,0.0434870216290579,0.0741473654850274,0.143350624288765,0.0,0.0,0.0883514445671709,0.0928122136140682,0.0689146484505776,0.152612871469304,0.357753492642805,0.0281552489100967,0.0558563056091875,0.0,0.144388986226871,0.204327482709862,0.0,0.0249098851182035,0.0091427331811059,0.0882579614187043,0.106062539598704,0.242176179498973,0.0933758760798153,0.170236099337742,0.172932489871232,0.185435875913053,1.0,0.0651450566269114,0.220706222708135,0.429007891099662,0.153835381636394,0.513292448346565,0.792138434249013,0.184785150067354,0.295135439054625,0.357776628536795,0.260412270620016,0.413367737595133,0.171416001351421,0.474772943410288,0.0877061730306486,0.390290555855648,0.0434412950053699,0.191873477836437,0.0,0.0829861264359942,0.0376069943514444,0.118836466902933,0.0791613099063167,0.477114754340897,0.0999747735527157,0.144073574903224,0.191253218423087,0.007529535284806,0.0109832260202086,0.219963878459887,0.0306368121466791,0.0046344689886422,0.0166142460768792
ACTC,0.0,0.0163389061504756,0.0,0.0,0.0,0.0198732263388486,0.0081056735145998,0.0929586227508086,0.0210360472851038,0.0081538311017229,0.0364315790529188,0.0376647618162905,0.0293395027564905,0.0325927617308059,0.0584451381726235,0.0244182506499755,0.0310323225478633,0.0182311223850662,0.0667079391130973,0.0648727093406452,0.0,0.0453607358661244,0.0,0.072866058945302,0.0407089603563542,0.0624820505395417,0.0186715354552548,0.0815027731686766,0.0371582360775427,0.0451213288277225,0.0651450566269114,1.0,0.106822627195865,0.177867996058439,0.03633266840698,0.16606615509362,0.388543751472434,0.0575160866362137,0.116882752299789,0.07117455741262,0.0659989278969542,0.116309245654664,0.031004717559171,0.0614223377914537,0.032633713672673,0.0906726037885977,0.0215014343593359,0.0774936419056376,0.0081326280710243,0.0433174120170264,0.0160255945398247,0.095483454251472,0.0097058358214454,0.0223633741536306,0.0234690409324035,0.102564650906177,0.029308206656617,0.0586088287439507,0.0,0.292520395847863,0.0352115663738319,0.0171619610335261,0.011815679881618
ACTCC,0.0090392968264635,0.0185821168066776,0.0,0.0,0.0,0.0,0.0,0.0,0.0,0.0,0.0,0.0,0.0169954768073527,0.0343463676408333,0.030804499187784,0.0,0.0103559115194712,0.0,0.0,0.0273084406984845,0.0,0.0,0.0,0.0210134532363669,0.06412708164703,0.102176743812419,0.0835101663384204,0.0224927194045029,0.173375300575157,0.0515118785233708,0.220706222708135,0.106822627195865,1.0,0.317986945155324,0.129029697010649,0.384558338859844,0.523253012007517,0.027115605081237,0.0308083442571078,0.107868164759158,0.0349170023469884,0.13350306483247,0.0308687460739907,0.205628231505775,0.0291286752077137,0.113010707670354,0.0362042282502951,0.216750744980999,0.0,0.0,0.0,0.0538477582114229,0.0,0.158214622282973,0.0627886511519244,0.0,0.213802285214626,0.0157679666664936,0.0119031963250742,0.0604833632370054,0.0,0.0,0.006905882900161
AGAGGG,0.0459214816599292,0.0500152538813523,0.0374971206836114,0.0848767104689871,0.0389625715319914,0.117892067628676,0.0989099531049425,0.179010644185772,0.0186246208772968,0.0349238116193113,0.162748785911128,0.171411141596088,0.0781285804454232,0.11740330019573,0.253740398957503,0.0545345560204821,0.0672138914158859,0.0,0.18266174741691,0.193176222472342,0.009436678532756,0.0884500394728559,0.0123344320098895,0.130967242240912,0.128790230368025,0.228506756203729,0.0648887346261287,0.102887642093487,0.102895686532785,0.107043872103157,0.429007891099662,0.177867996058439,0.317986945155324,1.0,0.109298881785076,0.62306291099256,0.682269309085094,0.284068899567332,0.422838166435033,0.427477050452087,0.378014546060312,0.617448419400396,0.249629598457117,0.679802322977751,0.0806966336405547,0.256726855198786,0.199130457122513,0.54179915722565,0.0,0.0983689390244683,0.0467869260137517,0.163383788222684,0.0345545654094065,0.204467478398193,0.0491883978136703,0.183771103684466,0.122551105799814,0.0478228965500118,0.0344713738722807,0.340149131839057,0.0551642291102731,0.0073180362597951,0.0171349395421049
AGATGG,0.0,0.0,0.0,0.0095204766283138,0.0,0.036965932577328,0.0258878225059024,0.0151476713963493,0.0,0.0,0.0236883204923724,0.0183202849640162,0.0239691607005404,0.0260790516585962,0.0885032575977621,0.0133936474946566,0.0383942424629913,0.0,0.0212428371726353,0.0321492065313378,0.0,0.0,0.0,0.0845446896139526,0.059652188437558,0.0610826925002511,0.0362429607636033,0.0373651882432719,0.0657669894966171,0.0200942304063778,0.153835381636394,0.03633266840698,0.129029697010649,0.109298881785076,1.0,0.323643983056167,0.402863711074034,0.0233147832016746,0.0524378358355814,0.0659718197772359,0.0476337460945442,0.0646247318511826,0.015874529036253,0.112272073052124,0.0446388599124172,0.09740446842186,0.0156045830070352,0.0899955509050748,0.0,0.0100876711479944,0.0,0.0119242678192336,0.0194718749798514,0.0814456416963726,0.033518759143324,0.0111229129032176,0.0372427524380258,0.0093067400896432,0.0,0.0549832418303771,0.0,0.0,0.0085883834687872
AGGG,0.0,0.0,0.0,0.0164735084899019,0.0,0.0537735462149362,0.0730272453620105,0.0623811321148451,0.0115979438762688,0.0,0.0791264651831139,0.092445070655425,0.0548320084136102,0.0693634776028963,0.242598172279363,0.0235670180306094,0.0618143592462408,0.0,0.0636159094674872,0.113485947308416,0.0,0.0499736596672344,0.0,0.0908417456579205,0.101877139853225,0.20407663265956,0.0932256709583809,0.0721345238943295,0.163522844572933,0.0790412054289553,0.513292448346565,0.16606615509362,0.384558338859844,0.62306291099256,0.323643983056167,1.0,0.622815056235669,0.1063836459271,0.242908679060963,0.268461814403797,0.207635446348592,0.434969466197429,0.0969744498173677,0.648062030033677,0.109558089965685,0.264768087813329,0.0865412669974812,0.490706069150426,0.0,0.0274709889859891,0.0124779127897017,0.0725800137046805,0.0444750616746463,0.25592971625869,0.186237150938125,0.0730028753647669,0.0756736641122496,0.0353185319453736,0.0202443448302929,0.195287173460838,0.0234552632570329,0.0149736051594418,0.129952927034693
ATCC,0.0277863792311877,0.036821019484719,0.0189045089792547,0.0641708239620351,0.0353025638094694,0.098060351374381,0.141832955516522,0.342831347885836,0.0449605202927753,0.0277460097348079,0.188372126215437,0.215036355972599,0.116813483659557,0.217321245053166,0.473766323474085,0.0654557506515242,0.0989728704838096,0.0182291114224256,0.290521367023219,0.34603375944372,0.0113988404276274,0.123622079370995,0.0405670924656837,0.416517701637137,0.21571304354583,0.35469404739428,0.123246113232208,0.310778700798966,0.234524688571348,0.182978018751488,0.792138434249013,0.388543751472434,0.523253012007517,0.682269309085094,0.402863711074034,0.622815056235669,1.0,0.390406279510078,0.615966450484243,0.555513233122623,0.452811519793987,0.678732104858762,0.226871921260588,0.647005438598961,0.139649536438267,0.466921934621112,0.155458837071873,0.491654351278059,0.0,0.175920426275543,0.0691807985873725,0.272774897312338,0.0710898695552714,0.369398092087654,0.246146946031458,0.331627102387666,0.257155875393371,0.123752464011421,0.0589822040601515,0.657231709817822,0.214062550593447,0.065647881748232,0.151881366531039
AAAAG,0.0522851026812731,0.0344836771265502,0.0377988127763498,0.0423230829444902,0.0295287133358188,0.0521771169056542,0.0515079885160935,0.240162902521975,0.0092327037408463,0.0347264262462894,0.0528045123080031,0.0813913774126443,0.0290076194245456,0.0510797574038385,0.184192079896593,0.0900457707301725,0.0526157303261782,0.0065745529354083,0.164550976628182,0.183381356731385,0.0517105186036528,0.049025774070887,0.0223592167156876,0.0787558855640617,0.045308991019016,0.0356670873856715,0.0121336274940954,0.121129113601024,0.0100055607297893,0.0217982533480215,0.184785150067354,0.0575160866362137,0.027115605081237,0.284068899567332,0.0233147832016746,0.1063836459271,0.390406279510078,1.0,0.57595814435309,0.337567717286298,0.312830728886272,0.467801359236488,0.133146880190504,0.217677689837811,0.0,0.110538820722577,0.0746099592101195,0.102144095180957,0.0,0.206628269734169,0.0440899221980602,0.0924345418719044,0.0,0.0274494376348173,0.0111813151828642,0.197773185302886,0.0576583294315807,0.0250541145547438,0.0220324499006963,0.532524563106991,0.144216757619388,0.0144249566571426,0.0063244797686244
AAAG,0.0913382281747578,0.0621780848989864,0.0263072248214757,0.0460088152685113,0.0241338149735448,0.0690782823772996,0.0440438259628131,0.285479321913046,0.141935667135221,0.0338776697232903,0.0967948578195376,0.128364868596641,0.041221822225506,0.0612233412029533,0.233624491363807,0.103644617704068,0.0683460992003912,0.0191815140860646,0.177323977489527,0.195131260957564,0.0308470299159413,0.101514413618374,0.0149197571219058,0.172204362720445,0.073066525135482,0.0776600377320794,0.0087091104914213,0.16317458571186,0.0161415746557416,0.0269864232159435,0.295135439054625,0.116882752299789,0.0308083442571078,0.422838166435033,0.0524378358355814,0.242908679060963,0.615966450484243,0.57595814435309,1.0,0.426163129556785,0.406272862547075,0.738667474384912,0.105666628255922,0.346696771151545,0.0873335464261429,0.194799397905029,0.058814752343493,0.142483831298141,0.0353931957657311,0.265926535951848,0.101366813383742,0.109746043920911,0.0112928632692434,0.0307441811548312,0.0147474992729476,0.258119157852163,0.0375745952469802,0.0516281936255665,0.0051148063535459,0.746862977686509,0.131757074441429,0.0276506640367123,0.0157274243337488
AAAGG,0.021229091278079,0.0,0.0190476033921023,0.0335823675037845,0.0239776046723853,0.0301193233811629,0.0468819115439425,0.169092172415058,0.0,0.01612050885769,0.0479010616208548,0.0737208481560208,0.0236369423520688,0.0702046494908285,0.195278447752911,0.0577351568600442,0.0180820624276756,0.0,0.133027531574839,0.113608905842247,0.0254649260158671,0.014698332251533,0.0307705598731558,0.096423107313438,0.0336390679215076,0.0426206025045973,0.0065230521446562,0.116231842224501,0.0068309904526428,0.0409683052946602,0.357776628536795,0.07117455741262,0.107868164759158,0.427477050452087,0.0659718197772359,0.268461814403797,0.555513233122623,0.337567717286298,0.426163129556785,1.0,0.333466140427223,0.636860023060635,0.156875024305267,0.394708092144074,0.0,0.144539130960287,0.0991174819860766,0.20789265475251,0.0,0.153618487866269,0.0785153629908119,0.120700408100399,0.0,0.0480184744454558,0.015342139765876,0.122220103510699,0.105775738097617,0.008871556191025,0.0375414579696764,0.500789580759127,0.147206870260439,0.0160227843915604,0.0
AAGAG,0.0376372480434271,0.0288684322432286,0.0478185058977727,0.0742814703550995,0.0439035658447639,0.125795129118374,0.0821466956106131,0.241082946418092,0.0079012200341523,0.0215100851006332,0.0765208461525711,0.119555879051677,0.0485202148667989,0.0488649092807388,0.237105706873622,0.091869324598853,0.0492890886254855,0.0,0.142918315494155,0.149729372391899,0.0350421300949158,0.051923736565227,0.023465260000152,0.149313389526098,0.0707858162669816,0.0642736367482377,0.0080549360541359,0.103964046477836,0.0,0.0257557024561556,0.260412270620016,0.0659989278969542,0.0349170023469884,0.378014546060312,0.0476337460945442,0.207635446348592,0.452811519793987,0.312830728886272,0.406272862547075,0.333466140427223,1.0,0.572107410616002,0.137552566185599,0.305434596124913,0.0058957782454105,0.144372860645337,0.0778913462236465,0.141917144013186,0.0,0.149927732265392,0.072181862764375,0.155424069292201,0.0139100773077491,0.0416284177207463,0.0181556502355106,0.156070638588114,0.0435780495172591,0.0151295270459669,0.0162703441426885,0.537780858115178,0.123843157310235,0.0168767278543431,0.0091521221819004
